0.0,171.13,9.469,-28.48,57.491,-50.067,14.833,5.359,-27.228,0.973,-10.64,-7.228
16.162,181.377,225.442,-56.591,42.577,6.13,58.517,4.869,-4.426,19.651,42.019,-16.519
31.915,89.22,139.121,-45.469,44.327,13.701,14.818,-80.286,-18.391,54.674,-33.68,37.329
35.555,0.455,1.27,-18.653,-12.949,-22.853,-16.551,6.638,-11.806,-26.149,-9.02,46.479
35.122,-53.389,2.709,-14.667,40.662,-15.073,-47.982,-3.768,-9.505,-6.019,3.744,4.206
38.937,-56.988,-54.971,28.0,28.396,-35.832,-71.687,-6.398,-10.734,8.929,7.955,-11.326
41.147,49.324,8.78,-97.256,43.579,56.855,-29.874,-22.006,7.529,-44.686,-33.473,1.287
44.347,20.801,6.432,-11.786,38.493,-0.863,-15.34,-23.417,-22.294,-6.817,-22.345,13.177
47.646,39.419,41.967,2.059,44.887,18.337,-2.132,21.637,-26.458,22.794,-14.844,0.384
46.237,159.561,-28.903,-36.52,77.219,-43.429,-8.325,-0.771,4.147,1.285,-7.525,40.494
45.767,-22.008,-1.98,-20.994,82.529,-41.958,-42.104,2.768,40.141,15.224,-9.687,21.115
45.83,3.509,36.81,-26.194,78.162,-28.504,-16.246,2.066,40.685,15.638,-7.474,13.32
43.344,-3.178,-10.999,35.083,72.502,-23.026,-9.028,-16.439,38.258,7.019,-24.796,18.025
37.788,-25.8,18.665,-32.774,25.84,-25.954,-27.488,43.554,-0.747,3.426,12.224,-0.279
37.664,30.082,26.087,-26.105,21.457,-7.251,-50.071,5.96,-12.337,16.966,2.918,-1.53
42.855,40.612,-7.562,-20.419,50.309,52.836,-14.996,13.604,10.725,-9.045,-30.348,19.029
44.899,24.545,4.676,-46.354,6.188,57.405,-42.447,-17.703,-2.014,-20.308,5.611,-2.38
45.633,119.059,-16.491,-67.452,43.009,-11.033,-45.321,47.789,21.357,-41.974,9.859,13.826
48.015,-2.717,27.336,-37.92,95.375,-41.757,-17.357,2.161,54.259,3.049,-2.652,21.328
45.928,1.726,-13.439,66.061,52.026,-26.46,-44.172,-17.999,7.985,-13.33,-36.426,14.214
44.902,-25.95,-8.783,-2.98,77.86,38.736,-29.262,-7.484,37.33,-12.62,-24.581,25.444
40.696,-59.723,1.922,-68.149,59.075,-26.102,-24.826,-25.463,-4.477,9.938,-2.443,6.854
44.059,140.8,-39.325,-69.979,57.334,-28.553,-64.366,26.68,28.569,-62.216,26.768,9.703
45.897,105.215,-13.5,-24.956,43.557,-48.612,-53.577,-33.972,12.5,27.656,-2.889,22.033
46.887,86.136,-22.388,-25.035,7.415,-8.038,-70.864,-41.147,12.112,-5.409,-17.98,28.445
39.199,-45.131,6.537,25.83,21.347,-15.143,-27.074,0.234,-13.859,18.78,-7.603,23.032
36.46,-50.893,32.897,-45.717,16.42,-13.416,-8.145,-8.116,-13.139,-4.81,-7.731,14.734
39.202,-49.51,3.133,-30.97,13.337,21.556,-44.902,-6.113,-9.828,-24.113,-33.084,11.012
45.496,70.038,0.314,-4.162,31.278,9.801,-61.017,-20.655,-31.561,37.347,-61.881,-0.466
42.114,31.867,-31.365,-30.07,31.673,17.83,-29.996,-21.775,-19.672,-0.22,-44.002,5.412
43.104,22.011,-7.246,-16.437,54.602,13.801,-28.627,13.724,-22.592,11.032,-37.959,-7.581
39.634,-78.829,-40.144,-56.794,56.661,-34.905,-26.207,7.621,49.298,0.921,1.555,5.876
42.032,-55.379,-9.532,-33.877,54.953,-37.594,-21.585,13.628,31.435,-0.321,2.812,2.762
42.802,-17.751,-22.362,-32.315,78.388,-33.883,-23.278,4.537,37.125,-1.067,5.754,27.417
42.928,25.693,-2.264,-36.937,36.583,-31.627,-28.693,-4.45,18.31,-0.111,1.319,10.43
43.148,7.68,-19.719,-14.273,41.57,-22.592,-33.165,-14.939,8.866,-5.536,-25.169,13.776
39.473,100.75,-46.626,6.589,21.716,-30.617,-25.15,-42.226,-26.406,3.67,-4.133,26.482
38.42,-37.57,46.92,-16.154,31.684,-31.185,-37.509,45.245,-2.524,-10.63,1.842,14.371
35.535,26.032,39.97,7.557,8.847,-39.107,-27.013,-12.668,-18.503,-2.195,1.947,29.044
34.227,-11.733,60.256,-27.482,20.549,-7.474,-15.176,-21.654,-20.361,-2.773,-19.339,32.228
41.718,46.782,32.395,-95.287,65.093,35.134,-7.694,94.746,3.457,6.324,-7.836,5.294
43.841,16.42,-29.415,-10.011,79.847,-77.073,-38.387,56.228,17.815,18.478,4.924,7.359
46.294,88.323,-8.615,-16.031,57.887,-11.663,-25.805,-31.875,-8.268,31.609,2.98,3.456
44.731,92.657,-29.857,-51.928,27.325,-45.388,-65.769,63.132,11.632,-22.597,-3.291,-0.15
46.413,16.761,-3.821,-12.119,74.321,-22.118,-17.342,11.8,30.413,29.874,-21.094,32.373
40.619,-44.572,-24.519,-29.365,46.807,-27.01,-25.688,-17.959,23.861,1.606,-4.543,3.249
44.968,-51.12,47.319,0.916,28.162,-42.794,-12.869,-12.569,3.414,9.49,14.161,15.052
45.277,-11.859,29.13,47.415,23.106,5.332,-21.193,-9.943,5.623,-31.784,-33.569,-0.386
41.899,21.017,-4.982,-77.078,29.517,-40.186,-34.569,39.851,-26.266,-8.453,3.376,8.244
40.412,-22.319,-3.822,-0.222,24.131,-18.674,-35.318,-11.565,-10.118,-4.895,-12.261,9.094
38.223,45.308,41.155,-29.703,6.818,-18.489,-17.059,17.849,-20.7,-14.104,-3.599,-2.075
39.016,105.815,21.35,-22.978,-12.517,-16.245,-21.612,-9.844,-27.958,-26.599,-12.042,0.051
42.484,-10.086,22.789,40.572,13.185,-0.532,-20.247,-5.752,-24.015,2.625,9.182,17.32
47.359,36.355,-3.106,66.208,22.762,7.697,-52.547,-36.741,-13.757,6.693,-34.67,-11.22
43.16,-33.038,-9.155,-51.438,7.869,-33.138,-42.324,21.935,-31.319,18.537,11.474,-2.959
47.662,157.353,-30.837,-54.512,51.6,-33.361,-24.17,7.977,-9.916,-17.079,14.16,10.649
50.078,109.81,1.647,-14.321,33.95,-30.076,-34.261,-24.553,-15.585,11.579,-15.262,20.661
47.288,-12.971,9.563,4.582,59.407,-27.037,-9.948,18.883,-8.389,15.692,-42.173,16.598
48.528,19.421,81.175,-53.677,57.579,3.11,21.452,32.435,12.47,-5.961,29.03,22.553
50.198,49.05,57.071,52.097,79.555,-31.682,-1.906,-5.663,-16.182,5.903,-28.189,26.037
47.198,56.492,-9.072,-11.026,31.718,-17.429,-38.871,-50.879,8.093,-2.115,-4.328,17.587
47.965,35.88,21.024,-31.215,-7.328,-14.031,-47.676,-2.573,-19.878,-5.305,18.37,14.956
47.761,47.132,-13.983,34.254,10.499,-2.237,-54.826,-33.097,-7.312,-29.119,-39.817,19.281
40.177,-18.197,61.703,-10.371,23.542,-25.028,-32.324,4.172,7.518,-8.655,15.179,3.805
40.923,31.093,63.577,6.959,-14.594,-25.779,-21.542,-19.527,-19.551,-7.568,-4.642,-2.337
41.093,-57.599,59.888,32.527,34.89,-30.978,-43.23,10.779,-9.552,7.718,-2.362,1.235
42.285,-44.897,10.096,-33.391,31.268,-23.996,-33.929,-12.959,-0.918,4.212,-1.568,4.406
43.729,-63.862,21.112,-14.706,49.626,-5.823,-14.957,19.34,4.679,-1.269,-20.492,3.713
43.201,-63.001,48.314,-2.866,31.372,-60.796,-22.493,-10.137,-10.431,9.705,-0.095,18.901
45.008,-47.256,-0.067,-49.515,30.511,-30.557,-51.244,15.207,16.331,-6.897,16.422,4.917
45.531,-17.555,-43.016,-21.279,31.654,-27.877,-70.535,-19.279,34.821,18.738,-15.58,7.282
44.052,57.941,-16.255,-43.983,19.091,5.902,-29.779,-7.491,22.395,-2.188,-38.014,12.783
44.459,47.718,42.252,-83.033,47.943,-8.908,-5.61,-46.167,5.921,14.768,-23.126,3.407
44.131,16.213,42.989,-21.316,32.146,-20.415,-57.653,-8.019,-6.697,13.697,-20.202,-16.824
47.339,78.174,23.042,-0.584,24.966,7.496,-51.436,-51.453,6.95,8.879,-20.146,9.903
46.025,0.61,2.268,-7.29,19.262,-8.614,-66.662,-19.395,-1.224,-28.315,-22.835,-2.898
41.62,-38.032,-4.189,9.245,30.152,-14.157,-21.346,-18.577,-18.185,-21.109,-28.876,21.399
38.974,-48.51,35.501,-58.039,27.682,-25.565,-9.382,-1.315,3.691,4.224,6.791,18.127
40.758,-8.432,47.959,-15.046,6.266,-23.38,-16.109,12.396,13.589,5.839,-2.731,9.495
40.594,-12.058,55.774,-5.234,2.455,-2.771,-30.129,-15.984,-3.793,0.772,-10.299,3.189
43.408,133.29,-31.186,-65.584,83.053,-26.363,-35.904,8.453,9.733,-32.129,17.356,-2.25
47.298,120.719,-6.859,-74.067,42.735,-12.66,-52.255,-70.677,-27.185,10.946,-2.228,-2.511
46.84,-14.585,38.877,53.098,34.626,-34.962,-44.026,4.936,3.869,-14.766,-41.325,-18.938
45.214,-31.235,12.759,-77.325,46.641,4.264,-54.016,19.961,37.663,0.662,5.609,7.969
47.913,-30.722,22.321,-59.764,60.702,-38.5,-50.266,-4.656,24.288,0.418,10.973,14.598
48.661,20.021,58.025,72.364,39.672,-40.754,-9.476,-5.578,-24.307,-15.682,-37.768,2.139
45.572,-24.801,81.599,-38.564,40.277,11.094,-23.459,18.139,-4.461,-3.451,-32.234,-11.623
47.024,41.869,56.251,-55.211,30.329,-12.3,-49.246,-13.641,-13.883,26.914,-22.223,-0.792
46.438,-26.399,39.529,-46.568,45.311,-46.126,-65.354,21.126,30.221,1.359,11.138,-13.863
49.108,23.169,44.643,-37.909,77.991,-35.898,-20.344,1.001,45.255,24.019,-3.714,7.307
48.362,14.382,45.831,26.664,41.608,-36.265,-0.599,-1.174,5.392,-2.847,-13.086,-1.537
42.101,-14.533,67.673,-25.363,0.853,-6.958,-7.739,-19.006,6.537,1.628,-18.697,1.06
45.564,38.794,14.33,-59.721,57.271,-3.672,-6.926,-56.736,-7.754,-24.29,-8.537,-1.572
41.617,-71.106,10.299,-32.549,2.324,-30.369,-17.383,-19.595,-25.988,11.402,-10.373,11.633
44.163,-36.236,-25.915,-21.368,38.336,-26.123,-56.359,39.049,38.133,7.841,-0.822,9.234
45.559,26.721,-8.394,18.606,10.003,-21.159,-8.555,-55.746,-14.292,34.379,-4.645,13.039
44.127,-61.766,23.082,-41.987,26.665,-24.448,-31.788,24.422,10.915,-12.942,-6.71,9.018
41.786,-28.938,-9.744,6.182,2.574,-32.941,-28.189,-47.592,5.848,-1.813,-9.427,11.779
45.239,19.12,9.548,-78.542,21.293,10.032,-27.611,-5.721,-2.254,-3.332,11.299,1.171
47.083,25.733,39.259,-7.634,6.712,-30.781,-27.02,32.283,12.952,1.309,9.323,19.434
43.876,18.996,57.174,14.947,-0.658,-25.905,-9.082,-10.086,23.077,1.189,-10.639,-7.801
40.634,-24.559,41.637,-31.882,2.16,-28.52,-34.43,10.257,9.705,-2.397,2.083,-19.706
42.067,-10.476,38.548,8.473,3.346,-20.022,-13.412,-2.997,-4.054,-0.091,-16.803,-3.4
45.227,-15.465,7.492,-54.762,43.206,9.953,-60.737,-11.88,35.534,-0.914,15.803,-1.789
46.809,26.45,8.856,-12.768,33.833,-7.742,-75.017,-13.413,31.745,-15.115,-26.396,3.745
43.423,69.029,-27.88,11.404,5.72,-12.936,-43.521,-63.611,7.201,16.17,-19.876,14.761
50.153,93.174,63.024,-47.542,-22.496,33.07,-36.205,33.418,-16.673,-29.634,25.14,-20.243
50.597,63.354,50.734,33.177,-3.789,-0.407,-36.021,-26.838,-24.04,-2.312,-43.8,-2.053
44.49,-9.528,24.708,-10.918,7.001,-23.006,-28.29,-24.496,-27.12,8.063,-10.438,5.113
44.557,-6.404,33.074,-58.227,21.245,-22.932,-18.27,-19.056,-15.952,5.763,-2.416,-4.661
47.387,21.801,37.909,36.926,49.707,-42.839,11.04,44.904,-27.041,2.66,-20.204,1.511
50.128,22.413,60.555,-25.521,54.226,-6.995,-20.443,17.11,30.606,4.166,8.014,6.033
46.382,4.728,45.004,50.12,31.792,-27.553,-28.994,-14.201,10.803,2.69,-22.204,-0.607
44.572,14.166,56.701,28.846,-3.254,-1.167,-14.369,-11.979,1.069,-9.471,9.694,-3.404
41.795,-26.756,32.843,-5.531,24.07,-22.704,-5.24,-1.795,8.127,-8.822,-5.086,2.528
43.359,-18.745,2.203,20.243,28.641,-16.472,-2.294,-11.6,6.479,3.213,-5.733,17.29
46.677,-7.188,42.442,-96.466,25.816,30.652,-27.889,-0.835,11.358,-8.52,-7.341,11.138
50.06,28.361,33.705,-3.253,46.65,-16.276,-48.395,4.639,21.155,-5.211,-19.872,34.139
48.37,-5.332,41.104,-20.75,6.847,-7.526,-39.049,-9.998,7.196,2.927,-3.909,16.129
49.351,69.604,28.593,-24.085,20.842,-8.584,-17.214,-45.88,9.541,-21.564,3.805,-5.416
50.278,107.139,4.808,22.924,44.026,-35.128,-41.648,-26.133,-17.512,-14.72,-13.715,15.263
48.029,-16.329,27.911,-57.806,-0.822,-30.42,-53.353,8.677,-10.486,-11.587,11.371,-3.888
48.788,158.58,-49.927,-51.851,60.721,-49.506,-28.703,19.898,-3.71,-20.56,-4.717,10.065
51.91,116.214,-46.027,-46.011,47.848,-2.171,9.768,-31.351,-22.553,30.989,-19.734,12.447
51.546,20.476,-27.819,-0.175,31.472,-14.653,3.372,-4.601,-14.61,-4.752,-8.279,9.926
48.588,7.966,24.155,-21.434,21.649,-35.587,3.635,-1.217,-13.872,4.396,-7.043,8.452
49.222,29.593,-21.657,-39.921,3.865,-21.591,4.283,13.111,-4.747,-24.42,-4.583,9.436
52.876,25.117,37.981,-46.749,8.725,9.603,-22.27,-19.497,-17.445,8.386,-10.126,-28.752
52.811,-20.625,43.205,19.241,3.306,-21.295,-17.938,-6.956,-2.183,-5.419,-18.791,-26.402
54.324,22.377,24.646,-26.984,11.748,9.903,6.514,-6.804,1.188,-11.394,-4.813,8.075
52.603,16.348,20.199,-48.969,18.662,-30.906,-10.115,-23.162,7.59,8.548,-4.056,19.373
54.039,-2.325,29.224,-16.325,38.477,-32.819,-12.688,-14.905,27.605,14.496,-6.063,7.964
52.235,-6.114,17.387,-7.231,27.436,-26.156,-9.007,28.871,25.507,3.704,-10.978,13.406
55.805,38.945,20.497,-11.599,23.062,4.519,23.739,9.175,-1.802,5.418,11.088,15.155
54.832,38.199,53.008,-2.521,16.347,-24.875,13.781,-2.21,-3.578,-9.795,-21.145,9.375
53.22,2.808,3.816,-8.527,56.774,-35.055,27.403,3.216,25.495,-1.191,-2.012,3.211
52.924,15.368,40.567,-25.405,55.355,-22.438,-12.977,0.974,36.088,-7.525,-13.919,-0.005
50.815,-18.0,21.874,-11.047,9.373,-34.809,-4.269,0.314,11.174,0.783,-15.439,-8.247
51.0,-0.695,19.499,-56.408,9.141,-17.7,-14.025,13.981,16.96,0.914,-9.346,-1.995
49.828,26.403,5.475,-19.095,7.873,-30.187,-22.556,10.149,11.222,4.729,-11.54,8.368
49.993,29.084,17.625,-18.651,9.063,-1.023,17.026,-12.76,-9.591,-0.879,-22.96,5.776
48.995,12.993,0.927,1.407,-4.313,-24.034,-10.626,-6.661,-23.119,-2.299,-16.497,-1.911
50.982,22.698,3.332,-23.558,16.85,43.529,-2.338,-4.827,0.739,-21.841,-13.606,-13.93
49.662,13.14,26.927,-4.784,17.53,-37.539,-13.009,0.096,-38.552,-12.739,-2.397,-2.703
51.469,11.991,-2.944,-18.659,19.489,-15.761,10.995,17.963,-0.872,-10.689,-0.758,-10.582
52.611,-1.872,46.405,-28.467,57.332,0.485,-23.195,1.709,4.953,1.493,-27.987,12.119
52.687,-2.439,16.285,-27.007,11.885,11.977,18.346,-2.322,3.531,-2.083,-1.396,-9.374
52.412,15.86,22.887,-0.654,22.921,-23.906,-16.242,12.789,18.487,-0.997,-15.624,-6.197
52.431,27.359,19.299,-51.192,11.445,-0.299,-42.546,8.012,-17.766,-26.2,-0.421,13.88
53.923,17.44,-13.968,-28.607,8.32,-37.043,-29.352,6.22,-21.756,-2.93,-0.158,3.676
52.929,30.63,-9.226,-21.564,6.072,-13.702,-49.547,-14.803,-12.142,-9.534,-3.545,6.806
54.08,6.154,-7.095,20.313,4.819,-37.646,-33.479,-25.891,-17.004,3.632,-17.595,6.476
51.536,7.691,7.551,2.449,34.786,-23.675,-21.711,5.764,-14.658,-13.149,-4.897,-9.368
52.743,44.493,-33.694,-5.902,6.66,-35.698,-11.258,15.193,-1.437,12.446,-0.937,-1.074
51.188,35.183,1.41,-20.688,0.098,-28.978,26.037,6.59,-18.96,0.815,-12.246,-8.097
53.832,32.62,-2.006,29.283,4.196,-18.433,-3.657,-15.25,-2.603,-8.582,6.081,-7.427
49.076,48.467,19.421,-18.848,33.767,-21.313,-12.648,-3.178,-25.284,1.039,-26.664,2.656
51.82,51.192,-25.944,-9.98,5.099,-28.339,-4.298,5.32,-6.702,19.272,4.336,-5.613
50.37,21.521,-19.213,-2.449,24.684,-25.291,12.514,-7.435,-19.724,-5.247,-13.805,5.475
51.475,10.628,-2.605,-10.929,13.677,27.903,11.411,-6.493,-2.569,-28.831,-11.91,0.737
48.515,9.721,28.014,-17.571,22.887,-33.014,-13.661,-5.403,-19.66,-15.746,-10.5,0.145
48.816,1.88,-22.844,-20.971,-2.804,-26.318,10.622,-6.497,-0.625,-8.718,13.488,-0.177
52.459,28.966,18.621,-51.621,18.907,-4.707,-27.599,-29.516,-24.389,16.369,-9.866,-17.25
54.304,14.59,71.662,-4.233,27.959,-27.278,-20.44,2.927,-16.102,-6.331,1.15,-56.811
52.966,-1.561,34.743,36.119,22.428,-20.024,-10.521,-21.312,1.672,-17.156,-40.458,-16.617
55.449,17.318,10.066,29.243,33.487,-27.862,3.104,-19.236,-9.013,2.059,-15.768,8.958
51.894,-19.598,26.679,-23.743,57.241,-16.068,-22.69,-9.677,-2.756,7.327,3.624,-24.369
52.989,5.266,40.175,-35.032,65.374,-28.69,-27.679,2.782,27.006,-13.373,-2.667,10.322
53.92,11.641,20.995,-5.517,23.743,-27.011,-7.907,-15.743,6.684,15.07,1.623,-16.807
52.461,-10.515,37.189,-24.194,46.918,-34.346,-9.6,-8.299,21.72,1.596,-9.812,11.386
51.228,-22.801,4.616,12.547,29.082,-29.841,-6.269,4.118,4.898,-3.922,-15.45,11.218
56.97,44.363,29.525,-8.712,37.825,-7.432,16.444,16.161,15.307,-15.959,12.695,19.338
55.364,57.051,25.353,15.894,30.832,-16.82,-3.354,-19.061,3.795,-20.757,-18.429,13.839
53.08,3.941,1.444,-12.914,43.822,-56.513,18.056,-17.267,12.668,4.011,4.405,-7.302
52.468,-13.689,25.548,-7.541,51.527,-20.476,-8.431,-14.882,16.422,10.313,-10.682,-6.224
50.345,-36.722,15.023,-15.957,38.647,-33.38,1.505,-0.422,12.516,-12.366,-13.162,2.523
54.251,33.877,3.37,34.188,23.212,-19.975,-7.212,-30.558,-2.285,4.146,1.926,-2.924
51.327,-15.027,31.942,-4.881,2.228,-34.511,-10.325,3.205,-17.677,-2.626,-11.552,-4.871
51.214,-22.628,37.661,-35.936,11.17,-26.388,-10.781,-0.717,-0.412,-1.298,-7.592,-23.458
53.159,19.062,14.069,22.426,9.827,-18.625,9.55,-13.315,2.658,2.756,-11.256,-20.769
52.819,33.467,6.747,23.67,20.948,-2.936,-5.144,-16.447,-1.0,-5.409,6.832,-6.35
50.226,14.165,23.188,1.395,-1.688,-18.932,-17.038,1.673,-6.785,-5.456,-4.961,-14.786
52.349,-2.34,11.941,-14.958,39.64,6.206,2.553,9.838,16.149,-8.808,-25.898,0.067
53.577,23.086,21.063,2.776,41.396,3.259,-34.19,-14.703,10.72,9.766,6.608,-8.051
52.969,-3.26,15.074,-17.759,22.505,-7.002,13.967,4.805,-7.402,6.559,-12.106,-14.976
51.899,-4.337,21.567,-25.913,24.379,-29.655,-21.702,22.171,15.976,1.744,-16.834,-14.892
52.356,-1.213,7.838,-36.531,25.184,-14.556,-51.441,-2.817,-21.018,-15.114,0.51,7.786
52.721,-8.505,0.261,-56.85,29.604,-26.886,-56.528,7.745,-20.734,-19.666,6.668,-12.854
53.257,17.571,18.915,-20.401,9.737,-24.173,-46.379,-16.046,-24.223,-2.002,0.535,6.218
53.734,-2.827,16.301,-30.653,24.003,-10.549,-29.125,-5.538,0.366,-12.283,-12.5,2.903
51.236,-11.761,20.198,-25.702,29.67,-17.112,-29.284,1.278,6.238,-13.109,-7.666,-11.924
51.625,41.718,-13.134,-23.289,9.336,-11.418,13.558,22.547,-6.746,-5.969,3.897,1.668
50.448,44.851,5.584,-14.958,14.965,-37.463,12.736,17.681,-21.4,0.668,-6.989,-5.623
53.538,45.168,-3.613,23.684,10.813,-23.626,-2.164,-14.902,-2.55,11.867,6.062,-6.563
50.01,14.838,24.698,3.727,-5.007,-25.699,-14.544,0.625,-15.709,-13.966,-11.666,5.521
45.891,-19.254,-44.254,20.457,-29.365,-60.448,13.946,-22.757,-7.486,4.148,-19.716,5.322
43.246,-27.896,-9.833,-22.429,-21.947,4.475,35.013,-17.608,-2.659,-16.331,-6.249,-1.889
49.056,-0.808,-18.071,24.194,14.138,28.466,-6.104,-11.727,-3.72,-27.254,-3.226,-14.811
49.095,31.809,10.371,-4.097,35.41,2.144,-43.848,-24.239,-16.191,26.086,-41.06,-7.863
43.703,50.257,-27.447,-13.158,12.13,-81.453,-2.571,6.421,-50.492,1.614,-7.432,24.608
45.738,27.179,-26.444,-74.419,13.253,-0.743,4.427,-32.114,-33.776,19.162,-32.862,8.686
47.887,-12.166,19.787,-72.071,32.801,7.62,20.845,19.735,-14.198,11.155,-20.378,-8.681
49.702,81.028,-49.028,-58.256,50.606,-15.954,12.222,-56.115,-6.047,-1.041,-28.477,-5.934
48.723,-19.019,-3.648,12.408,69.991,-21.662,9.835,16.728,39.292,-5.231,-33.517,8.175
40.059,-45.869,-5.55,-59.129,10.99,-11.33,0.408,-8.339,21.503,5.402,-40.948,2.519
43.332,-14.126,-21.377,-26.342,-10.461,3.491,-17.99,-27.897,15.416,1.548,-13.231,-30.009
45.412,-15.689,26.819,-68.665,-9.588,-6.864,-6.708,19.725,18.29,-12.745,-21.665,-10.4
46.278,11.726,43.773,-72.867,21.172,6.658,-20.973,60.046,-6.327,-5.927,-23.563,-8.504
45.187,-19.614,-76.026,-7.846,-24.392,-57.596,-33.446,-20.957,5.055,6.018,-30.723,-2.826
47.688,-1.834,-17.323,-45.703,14.669,54.891,-23.753,-20.304,-11.23,-5.944,-18.501,-3.993
45.027,37.696,-23.68,-102.628,53.897,-37.979,-52.636,75.471,8.045,-17.226,24.549,1.14
50.96,-21.167,-18.457,-39.858,21.051,-47.571,-14.42,-0.48,28.914,37.632,-5.423,-33.028
50.591,-25.783,1.705,4.406,23.808,-20.041,-20.871,-15.033,24.494,8.031,-34.121,-16.223
50.95,6.274,-41.408,2.238,31.415,9.187,-20.51,8.912,17.671,-12.84,15.399,-0.575
47.913,-34.893,5.37,-26.581,42.384,-46.425,-43.173,8.852,4.65,5.601,4.602,-12.051
48.382,96.141,-20.28,-39.683,61.831,-32.655,-29.572,-29.962,14.582,-10.831,-13.711,13.07
47.203,12.771,-39.89,30.181,42.313,-22.306,-61.581,-37.135,-10.958,-6.291,-15.5,29.241
44.491,-47.829,-50.149,16.24,8.128,6.452,-0.357,7.25,8.674,-17.451,-13.08,6.569
42.603,-32.188,-14.998,-54.376,-17.955,6.724,-5.588,7.446,19.943,-28.03,4.61,-20.527
50.801,36.76,-27.712,10.23,28.692,-10.022,-18.258,1.839,-12.552,-2.94,21.1,-17.464
46.714,-39.499,24.616,22.698,4.653,-43.678,-57.761,4.368,-25.782,-0.865,3.399,-32.725
48.183,24.508,52.26,-62.656,13.084,21.067,-10.569,-35.141,-22.384,-28.782,-20.449,-24.671
44.532,18.57,-4.877,-56.786,28.965,-25.541,-13.285,40.101,-30.632,-23.479,-9.335,-5.067
48.803,0.13,-44.83,1.449,-14.135,-8.801,6.043,-2.113,-29.019,11.51,-27.652,-13.76
49.454,-17.118,10.293,-48.884,28.583,12.589,18.864,7.708,-24.168,19.092,-13.975,-22.605
49.592,69.613,-17.47,-28.047,-16.019,-12.718,-18.594,-47.627,13.574,0.821,-30.379,2.465
48.529,-11.345,3.463,-39.0,-3.005,-29.028,-37.341,-17.283,37.861,11.049,-15.178,-16.993
51.019,-0.841,-46.336,35.075,33.178,-7.343,-21.884,-23.487,4.041,-5.176,-5.326,-2.804
44.2,-34.887,-14.723,-18.923,17.137,-16.054,-19.664,-17.806,-21.954,-14.979,-1.758,-3.779
42.45,-65.37,14.647,-27.505,12.345,-26.903,-2.543,13.275,-14.552,-18.46,-6.62,6.148
43.038,-37.708,-13.611,-29.434,-1.0,15.189,23.735,-8.484,-5.097,-29.678,-45.054,15.44
41.669,-33.657,-34.585,-29.356,0.271,-23.571,8.597,-9.005,8.623,-4.098,8.147,-7.983
48.457,23.017,-20.383,3.221,34.845,62.409,-5.381,-4.916,-0.201,-3.795,-3.93,-11.421
48.305,24.608,36.054,-51.516,52.743,12.531,-12.124,88.263,4.021,1.778,-3.279,-8.214
51.098,35.109,-28.197,-23.896,8.991,-67.794,-30.27,49.863,-11.376,15.442,-20.327,-21.925
49.594,72.441,-37.401,-3.539,54.794,-15.795,-6.732,-9.495,-24.444,36.86,-19.214,7.2
50.237,34.179,-37.849,-19.752,2.437,-6.983,-0.71,-52.46,-22.11,42.457,-13.363,-2.105
52.185,3.124,19.913,-25.717,25.269,34.353,-4.216,20.555,10.14,-36.036,-14.934,-2.995
48.002,0.253,-0.328,-46.954,-0.338,-46.599,-10.106,54.574,-23.225,9.874,3.926,-2.537
49.51,55.63,-32.715,-30.294,4.717,-36.131,1.611,-23.977,-24.401,10.271,-12.663,6.931
49.174,-13.22,-27.949,-6.86,4.945,-7.871,-40.982,-18.732,-12.168,-22.729,-22.64,11.244
46.266,-53.713,-19.45,-12.558,4.596,21.873,15.267,-0.909,-2.137,-23.894,-31.621,7.603
46.02,-34.425,-4.955,18.119,-18.787,-24.497,19.743,-9.628,19.586,5.054,-9.115,-18.129
44.19,-8.178,18.099,-43.936,-49.061,-30.999,4.574,25.006,25.884,-2.267,4.22,-8.392
48.486,21.281,-33.719,32.308,19.267,8.988,-19.547,-9.082,5.836,-9.779,-3.063,-4.375
47.554,12.612,40.187,-26.075,7.989,61.804,-18.9,-4.147,-6.525,-17.572,-42.204,-9.2
46.531,9.55,2.854,-80.44,21.175,-24.355,-20.172,64.27,-29.885,4.243,7.344,-3.247
51.052,65.009,-48.101,-37.748,12.877,-38.413,3.937,-7.171,-20.572,18.006,-0.218,-3.266
50.617,-5.942,6.826,-20.882,30.374,-19.526,-3.041,7.608,-12.509,42.418,-12.222,-0.999
52.221,-3.212,74.05,-11.08,-5.073,-30.303,32.884,12.397,11.965,3.512,0.657,-2.368
53.337,25.966,-4.265,43.312,15.991,-40.199,-15.651,10.813,0.186,-15.873,-11.855,5.713
47.955,-14.694,7.037,-62.947,23.023,-24.77,-48.056,-1.824,-27.769,-18.355,9.453,-12.861
51.169,60.95,14.433,-28.021,-23.331,-2.441,-72.268,-23.641,-20.646,-23.726,4.829,-17.93
50.882,16.796,-27.675,6.618,-19.218,-9.95,-23.822,-14.127,-13.135,7.855,-27.2,-1.444
45.292,-57.854,-34.661,-35.31,25.447,-28.207,-14.38,-36.686,-8.363,24.727,-23.014,17.405
47.718,-27.17,-4.571,-38.535,4.508,18.714,-28.308,-23.023,7.68,5.176,-6.367,-3.97
46.659,-41.413,-17.332,-15.673,-14.78,-42.275,-60.831,14.863,13.285,3.389,0.29,-8.28
48.323,26.798,-11.334,6.042,19.086,35.549,-28.877,-7.614,0.654,-6.601,-16.17,-14.257
48.233,-32.829,20.565,-59.838,40.127,7.809,-29.704,-13.737,13.419,-8.87,0.274,-15.942
49.003,-63.621,-10.66,25.224,31.302,-24.125,11.618,0.881,12.442,0.589,-18.581,-12.833
46.012,-51.376,-21.245,-66.793,33.553,4.027,-6.854,-8.355,5.464,-12.179,-8.368,-9.256
47.089,-62.769,-29.872,-4.173,44.962,-33.611,-45.194,27.627,20.787,1.869,-14.379,-4.708
46.617,23.611,-48.541,-70.562,-2.159,-7.595,-16.193,-41.845,13.002,-3.541,-16.652,-6.304
49.747,-18.098,31.087,-62.925,-7.038,-6.054,4.926,-11.321,20.062,22.83,-8.204,-16.657
52.496,1.203,18.108,-3.242,19.11,-24.783,-11.174,0.587,10.134,-14.028,-12.701,-23.109
49.508,32.74,-41.13,3.665,-11.952,-17.679,-28.259,-48.361,3.835,-3.551,-31.431,-2.382
45.246,-13.81,-1.007,-47.777,-34.858,11.132,11.247,-1.727,24.615,-26.669,-17.422,-7.285
48.964,14.632,-21.179,-24.435,17.311,31.353,-8.228,7.336,2.002,-19.679,-13.848,-19.548
46.873,71.801,-14.936,-79.58,83.473,-25.032,-29.054,36.024,-6.119,-43.589,7.292,-11.624
48.985,45.657,-3.581,-26.994,36.269,-19.452,-50.92,-38.809,-52.459,33.461,-11.93,-17.496
48.271,-10.258,46.841,-10.509,31.881,-9.58,-47.295,-1.509,-22.855,12.036,-24.255,-30.444
49.171,-25.618,-40.585,-35.739,28.23,-32.837,-11.401,-26.157,3.029,19.198,-2.356,1.737
49.298,-42.199,10.019,-52.291,49.683,-25.942,-0.879,11.716,-0.807,-4.584,-5.878,14.114
52.005,-18.026,26.92,45.238,5.082,-9.963,3.326,9.156,5.773,-18.072,-29.379,-18.701
50.99,-44.488,36.958,-60.238,21.836,-25.56,-14.042,45.526,15.903,-4.161,-1.198,-19.206
51.402,5.227,32.345,-6.56,7.874,-16.736,-58.513,-2.524,9.865,-3.671,-12.174,-43.853
50.662,27.639,30.008,-27.546,87.658,-36.498,-30.144,-18.784,47.873,20.407,-5.69,4.293
52.202,-9.956,1.255,7.532,26.813,-64.644,3.414,-1.214,21.705,16.278,-13.246,-1.792
50.869,-3.509,17.84,-5.628,49.639,-32.219,41.769,8.89,16.822,-10.972,-6.733,-6.628
49.565,1.802,23.491,24.453,-1.788,-27.433,8.546,-1.091,20.884,20.775,-23.539,-13.842
52.137,33.125,-18.128,52.113,9.788,-50.292,-20.458,-16.051,-1.416,3.136,-9.5,0.551
48.568,117.46,-25.414,-63.047,82.235,-18.14,-17.25,27.411,-5.152,-48.027,8.179,-26.436
53.116,74.667,13.467,-47.269,64.717,-10.845,-8.573,-51.236,-23.724,25.144,-24.886,-17.966
51.084,-10.489,22.677,-11.971,27.402,-47.544,-18.767,-38.417,-1.76,16.814,-5.31,1.413
51.288,-8.163,55.072,-14.277,72.602,-15.875,-39.486,5.292,32.218,1.506,-34.22,-1.001
50.822,66.354,-49.475,-16.072,-12.26,-2.635,-7.927,-32.967,-8.042,-14.034,-10.762,-17.909
51.677,7.574,-15.4,8.708,20.059,-31.508,-58.027,-19.937,22.622,19.81,-4.897,-0.626
53.527,40.85,7.23,18.115,19.937,-56.663,-5.658,0.184,-13.117,-13.336,4.403,2.6
51.435,32.322,14.38,30.271,-4.071,-3.96,-29.189,-22.723,3.004,-15.769,-19.166,-0.915
50.809,12.734,14.913,-66.154,-14.48,-10.833,-30.342,-9.689,-26.541,16.083,-0.179,2.243
52.549,26.773,4.594,-3.477,17.509,-13.617,-43.003,-9.051,-23.906,-2.235,-36.879,4.0
51.478,84.638,-15.716,-14.9,8.566,10.638,17.338,4.62,6.357,2.745,16.548,-7.913
51.07,54.552,-25.355,10.535,22.645,-13.786,-7.965,-18.692,2.953,7.282,-14.939,-4.07
48.249,39.932,18.179,-23.386,24.726,-32.729,0.879,-7.857,8.103,2.466,-4.961,-12.576
51.607,36.807,3.058,-20.031,2.455,-16.695,14.315,-4.894,-7.883,8.744,-11.001,-20.899
52.242,49.686,-15.438,-16.834,30.958,-0.606,-69.799,-0.96,26.689,-2.144,-12.563,8.613
49.289,49.149,-77.489,5.69,7.509,-31.299,-16.348,-38.64,0.528,-6.408,-24.031,0.061
50.22,-1.08,-3.236,-77.337,9.972,5.282,-46.171,-13.43,-25.479,15.764,12.856,-25.195
52.923,2.499,19.557,17.482,14.082,-11.523,-25.686,8.004,-3.85,-22.892,-30.133,-6.921
51.078,-15.856,21.491,-29.698,32.788,-4.714,-2.975,77.756,-24.353,8.444,-8.103,0.986
53.777,24.659,6.335,-42.63,25.858,-10.451,-12.291,27.007,21.402,-9.143,-13.362,-7.042
52.816,46.69,-5.603,24.769,4.539,-31.253,-14.459,-21.391,-7.662,3.063,-8.455,-3.474
48.888,18.171,4.405,-23.532,1.27,-21.642,-19.432,-0.39,-18.21,-15.03,-13.534,-10.618
52.446,-21.339,20.972,-52.128,33.869,-5.547,13.76,0.692,1.786,-2.02,-5.947,-1.355
53.991,36.118,17.039,-13.801,11.19,-30.057,-10.897,-15.379,14.821,9.353,-7.86,18.055
53.424,25.721,15.901,-0.972,14.227,-28.912,-15.379,0.925,42.547,-0.729,-14.003,15.087
52.558,33.666,-11.185,-3.819,8.186,-23.858,-2.447,-4.295,-6.402,9.634,-14.815,20.679
51.9,92.002,-33.61,-25.263,-3.817,-26.3,-6.009,-35.961,-14.048,0.603,-4.304,19.577
53.231,37.02,-13.076,-27.506,4.462,-13.86,-31.282,-6.878,-14.18,-15.861,-20.781,17.772
53.43,42.735,19.868,-78.671,15.655,-13.961,-7.598,-1.318,-12.556,-7.667,-4.938,11.27
55.642,36.641,22.969,1.529,5.991,-10.458,-42.536,-28.212,-26.591,-3.183,-30.118,-8.101
52.947,87.301,-37.01,-55.487,52.597,-18.953,0.462,-22.962,-18.067,-2.413,-16.99,4.229
52.335,30.614,-23.988,-19.884,49.084,-37.457,-27.607,-2.876,-21.789,-4.571,-11.124,6.108
53.253,42.145,-22.67,30.515,10.186,-23.702,-15.71,-18.871,-0.573,2.599,5.083,2.236
49.371,18.885,21.629,3.14,21.175,-34.809,-7.226,-5.938,-18.154,-8.374,-4.159,-1.204
50.511,51.484,-48.972,-23.111,17.581,-33.341,11.227,4.947,-15.247,-2.662,0.436,-0.503
52.007,48.912,34.852,-67.185,6.627,-2.48,3.296,-19.222,-15.197,-7.695,-15.982,-7.307
53.534,8.632,28.705,19.124,17.293,-22.668,-19.296,-0.526,-1.214,7.004,-40.684,-23.271
53.585,0.841,25.156,-18.718,37.45,31.095,15.403,-5.874,7.133,-24.148,-0.035,-5.434
52.445,-7.486,22.91,-26.089,61.691,-16.473,-12.616,-10.487,8.017,8.129,-2.008,-9.91
54.029,-5.066,10.244,-9.262,50.525,-32.979,-7.595,-18.285,19.11,2.541,10.426,-12.795
51.514,-15.3,-2.224,21.089,24.967,-41.958,2.923,-13.425,8.589,-19.515,-16.783,-2.952
53.796,18.432,37.971,-59.629,25.741,27.467,6.421,26.868,18.948,-24.193,-15.659,-4.629
52.953,-16.015,19.464,-27.911,45.099,-35.557,-5.084,15.131,23.749,6.19,-12.333,-4.159
54.161,33.117,11.503,-7.014,48.456,-17.634,-26.911,-3.485,52.375,-3.707,-16.766,2.466
51.771,-24.045,22.107,-7.469,60.281,-49.524,0.09,-3.933,30.005,7.241,6.651,9.031
52.641,-8.992,8.688,-23.549,29.362,-46.931,15.441,8.071,41.375,6.997,-2.27,-7.117
52.355,-8.137,30.689,-30.923,43.145,-38.503,7.658,4.856,54.616,16.615,-4.638,8.746
53.685,9.223,-9.47,43.781,22.743,-32.024,-9.213,-17.821,5.135,4.401,-6.563,4.428
53.641,-5.653,48.684,-22.592,20.37,-1.185,-4.556,10.627,-17.736,-2.832,3.676,-42.215
54.493,27.289,68.223,-0.586,-1.106,-25.551,-12.903,0.28,-15.056,-7.407,-19.809,-47.369
53.855,26.829,17.07,5.305,14.624,-31.244,3.835,11.243,-1.196,3.023,-14.566,-18.923
51.189,37.133,9.791,-10.066,17.356,-21.816,6.799,-9.383,-17.74,5.491,-17.244,-5.021
52.825,34.906,-21.086,13.153,3.578,0.675,-11.961,-17.24,-9.209,-14.505,8.648,-9.547
51.199,35.699,22.542,-15.989,4.968,-30.575,10.321,-2.648,-27.165,-9.626,-2.273,-7.406
52.943,-7.892,43.123,-45.665,20.231,-17.299,-13.713,10.647,-11.129,10.185,-13.745,-12.878
53.747,1.556,31.07,-36.551,43.983,11.173,-26.174,-13.452,-1.688,-8.948,3.188,-13.84
53.622,-1.719,48.637,5.442,41.537,-20.98,-12.732,3.252,9.435,2.252,-22.984,9.92
51.857,4.758,21.915,-61.706,3.719,-13.124,8.651,-11.376,-10.889,-8.855,-5.97,-7.359
53.297,24.535,18.022,0.983,24.544,-26.257,-20.143,16.113,19.143,-13.435,-7.269,-9.628
52.931,23.44,21.404,-61.166,-2.194,-11.594,-53.02,9.211,-32.881,-14.131,5.837,-1.043
53.878,29.816,1.748,-45.968,25.768,-24.846,-57.441,-4.483,-16.57,-0.375,-5.172,2.85
52.946,25.273,-8.237,-43.806,14.803,-18.721,-59.292,-13.846,-11.816,-8.892,-7.661,-4.858
54.386,31.015,-9.785,-0.309,10.414,-21.901,-42.457,-23.426,-18.576,7.739,-2.472,5.806
52.591,-5.598,16.047,-13.076,5.29,-29.78,-32.538,-10.54,-24.582,4.443,2.194,8.065
52.309,3.442,9.37,-16.648,41.251,-36.443,-30.252,-8.831,-27.374,0.005,-3.691,5.633
52.664,30.476,-31.266,-18.74,18.054,-17.288,-4.096,13.971,-0.635,-9.233,2.191,1.001
51.307,36.63,-8.542,-16.86,4.196,-44.106,15.639,-4.083,-12.549,0.072,-14.631,3.288
52.453,51.935,-27.383,-29.691,8.359,-23.381,4.399,-12.001,-8.697,-13.764,-6.917,19.233
53.527,41.573,1.182,-64.092,1.284,2.67,-14.72,-9.261,-22.363,-20.552,-16.225,-3.636
53.53,24.853,15.1,7.502,11.602,-39.466,-31.515,-3.192,-32.562,-10.372,0.475,-17.653
54.82,48.421,38.715,-20.612,33.81,-13.267,-51.095,-10.381,-29.849,4.209,-7.158,-13.414
54.507,16.647,8.522,-31.535,23.345,-26.991,-47.887,-9.204,-26.897,0.59,6.94,-29.773
53.611,3.605,10.178,-30.784,40.25,-33.25,-30.788,2.801,-30.174,-9.473,-3.353,-11.379
53.675,14.381,13.899,-65.34,33.995,-20.862,-23.881,-2.66,13.828,-2.915,-5.448,10.417
52.8,8.785,3.854,-16.021,12.631,-28.705,-33.142,14.998,-7.277,8.688,-16.939,7.347
50.864,49.409,20.09,-13.879,14.868,-26.96,-12.434,-1.029,-5.898,5.906,-7.909,1.075
50.395,38.71,-24.641,-11.169,-2.848,-43.449,15.837,-0.652,-5.229,2.704,7.653,1.332
54.82,66.956,35.542,12.972,14.533,-8.247,-48.136,-24.938,-21.534,16.893,2.293,4.953
53.483,-11.8,29.184,18.315,19.738,-19.55,-29.364,-21.86,-8.619,0.104,-28.705,-25.828
54.542,15.94,19.744,-4.928,43.969,-8.688,4.513,-11.224,-3.291,-0.733,12.145,-7.942
52.73,21.292,31.068,-35.179,34.755,-26.034,-14.812,-26.232,-9.55,11.633,-13.751,2.37
52.151,-30.798,30.845,-35.363,38.885,-30.72,-30.954,-8.131,28.437,15.351,-2.237,-6.421
53.615,-15.889,9.081,-17.101,38.217,-39.014,11.509,-24.541,4.766,13.921,-12.45,-12.057
52.961,-18.177,21.964,17.54,36.933,-36.071,5.663,23.737,21.711,-8.58,-9.163,11.348
56.05,66.962,22.444,-11.118,24.195,-6.998,16.517,-24.882,-3.33,31.172,17.043,4.985
54.867,22.495,38.853,18.631,21.673,-27.37,-3.091,-11.39,-2.133,0.576,-15.157,-12.424
54.394,5.105,18.953,-10.75,51.988,-39.461,18.784,-2.624,20.056,8.749,4.615,-9.411
53.877,-2.506,33.488,8.701,45.723,-35.828,25.791,-3.642,7.56,4.16,-13.472,4.78
53.455,16.768,30.345,-18.194,38.111,-30.01,31.148,3.113,36.134,2.689,-3.184,9.428
53.957,24.732,11.48,47.419,16.972,-31.503,9.029,4.3,11.893,4.62,-6.49,1.949
54.879,19.622,52.701,-29.906,25.967,-29.233,14.832,7.359,-14.558,-4.168,12.925,-39.753
55.516,45.862,58.625,18.422,3.678,-26.726,21.306,-4.998,6.417,3.334,-20.6,-11.156
55.987,65.996,26.982,-20.92,5.619,-22.195,24.27,4.012,0.688,0.49,-3.766,-18.391
54.833,59.106,24.699,18.172,22.417,-24.952,7.129,0.181,-10.401,-3.283,-32.96,-5.349
52.803,29.784,-13.297,-0.369,3.86,-2.104,-9.167,-17.126,-5.657,-4.555,0.324,-4.52
51.657,24.574,27.492,-15.937,15.64,-34.419,-13.103,-16.009,-14.805,-6.811,-3.957,-7.584
53.829,20.694,8.936,-1.291,30.075,-31.35,6.44,4.255,18.758,14.285,-28.245,-7.038
52.934,6.2,40.507,-17.407,52.585,-20.871,-27.087,-22.554,-16.121,10.935,-11.916,-17.995
52.233,-1.595,31.617,7.961,50.148,-22.186,-31.123,-11.073,24.798,11.674,-31.399,-9.867
53.516,13.457,13.419,-20.107,5.044,-6.156,13.549,-14.901,-6.875,5.478,-20.981,-17.996
55.197,38.712,11.154,22.553,15.184,-31.849,-14.213,10.371,4.278,-4.875,-8.615,1.961
52.059,27.379,15.026,-41.765,-13.626,-25.737,-22.838,-5.314,-3.706,0.612,-2.249,-1.113
54.252,27.475,-1.655,-25.466,13.71,-19.124,-61.57,-2.889,-16.185,-16.524,1.74,9.049
53.966,22.52,-11.136,-29.687,20.708,-33.604,-32.599,-6.534,-16.289,-5.789,-7.411,0.534
53.642,28.41,2.9,-34.236,3.22,-18.086,-37.188,-7.879,-9.326,-0.737,-2.361,2.545
52.783,15.029,-0.038,-22.402,-8.269,-19.514,-46.756,-10.908,0.224,-8.178,3.563,4.44
53.995,20.278,-12.914,9.346,13.946,-28.639,-28.625,-33.727,-14.446,6.622,-0.731,9.113
51.784,6.282,-6.538,-17.413,32.934,-32.346,-20.373,18.249,-12.886,-17.92,-6.949,-3.601
51.1,42.431,2.446,-58.795,12.281,-10.664,5.396,25.226,-8.787,-7.957,-13.093,12.728
52.032,60.4,-19.916,-19.553,14.874,-39.522,6.979,1.601,-21.086,6.986,-6.759,0.572
51.438,6.123,-10.354,-32.878,20.681,-36.82,-1.376,-4.822,-43.872,7.487,-6.873,3.343
54.628,36.384,7.287,-16.989,-10.356,-7.783,-32.157,-2.707,-22.517,-11.204,0.862,-16.404
55.014,50.129,24.364,-6.658,-2.797,-33.565,-33.57,-18.941,-16.119,13.962,1.1,-36.592
55.196,66.425,55.514,7.889,-3.631,-36.818,8.032,-14.557,-14.022,-7.034,-0.059,-23.559
54.567,55.868,3.749,15.105,13.96,-37.689,29.629,16.598,-13.792,6.402,-32.552,-11.54
53.673,78.514,9.018,11.826,-4.346,38.665,-22.205,2.56,-9.615,-17.992,-13.828,-11.222
50.797,40.604,12.467,-11.554,48.22,-31.842,-44.713,35.613,-18.291,40.656,4.747,10.528
51.404,109.734,35.321,-22.359,48.144,-3.773,-22.121,-55.58,-33.42,13.572,-13.149,4.964
49.756,10.639,-2.15,-6.864,8.197,-12.871,-39.354,-27.993,-31.259,-7.374,0.967,2.571
54.398,42.99,-1.647,-23.533,-8.995,-25.437,-21.468,-10.771,-36.236,23.576,1.702,-18.781
51.226,4.404,7.378,-10.23,-10.604,31.09,5.165,-9.077,-11.599,-26.339,-20.241,-15.956
49.604,-45.495,11.778,-40.989,3.052,-18.732,-17.911,-32.194,13.603,-0.47,-4.127,-7.643
53.558,61.121,-6.711,28.289,48.193,-34.244,-9.601,50.837,-11.424,-10.085,3.778,-8.177
50.554,-5.376,34.125,-3.454,50.482,-37.728,-14.083,-13.468,-31.083,30.971,-2.846,6.389
51.248,9.206,46.755,12.251,89.683,-24.856,-6.411,-1.789,4.668,-9.406,-4.094,7.076
49.53,9.999,-26.755,27.718,46.012,-29.616,-22.794,15.702,16.813,-26.514,3.86,-6.522
49.624,46.801,9.185,-68.038,10.315,9.755,27.612,16.497,-3.81,-26.656,-2.967,-8.961
52.459,11.004,47.151,14.549,-7.642,7.11,22.893,9.138,0.663,10.884,-24.772,13.801
51.773,16.336,9.543,-20.959,-1.877,6.629,-0.989,-9.897,-7.279,5.343,-19.512,-19.157
54.444,70.701,-10.317,-34.966,20.176,-16.102,-26.189,5.216,-24.934,1.354,14.89,-19.369
55.55,152.246,11.856,-24.148,-31.584,-25.014,-81.238,-1.571,-13.169,-5.125,12.163,-14.974
54.762,118.192,21.053,7.243,-18.135,-8.197,-78.147,-25.513,-20.894,0.99,-23.82,-15.496
50.675,67.594,13.856,17.849,-15.047,-42.221,-62.495,0.106,-37.829,-16.838,-5.583,-12.652
50.533,69.857,23.087,-20.75,-1.859,-0.57,-47.682,-7.499,-16.909,-5.917,-18.258,8.947
49.817,35.913,17.272,-42.903,-9.664,-9.934,-21.611,-5.486,-14.964,-2.217,-7.019,-1.101
52.262,24.826,21.28,-59.754,-2.975,-7.471,8.886,55.37,-8.164,-3.445,-13.583,-23.568
52.199,-4.551,23.36,39.026,-7.722,-46.887,7.795,16.857,0.615,3.217,-17.986,-16.494
52.749,65.491,-23.276,5.062,26.323,-16.694,-52.294,28.984,-31.782,-13.771,11.138,-14.121
51.254,11.336,3.447,-33.895,37.085,2.804,-47.725,-8.972,-44.904,-11.381,-2.433,-26.171
51.568,7.658,87.009,-6.234,60.563,-26.256,-20.339,-7.58,2.037,-11.138,-8.584,-27.26
50.821,12.877,-20.303,-34.57,0.165,1.317,24.58,-26.687,-4.931,-13.446,12.792,-13.46
48.328,-9.379,2.662,-27.185,-20.842,-43.124,22.808,6.628,-19.408,-0.573,-8.51,-11.785
51.386,61.32,-40.079,31.206,14.194,-45.519,-13.092,14.204,-14.33,-22.812,-2.914,9.853
50.124,11.063,59.491,68.855,48.792,-0.507,9.754,24.225,-3.103,-3.255,-24.079,16.03
48.062,-16.015,4.838,-38.273,38.161,16.851,-11.377,-6.554,-28.639,9.641,-18.547,13.646
50.739,-32.102,65.669,-19.607,76.27,-19.528,1.728,38.927,-7.882,-20.751,14.781,-3.87
51.741,-29.949,84.801,-4.134,37.143,-30.809,13.464,-0.642,-20.722,-4.185,-7.762,-17.71
54.168,15.898,11.865,-25.058,21.787,-18.543,-32.097,5.675,-24.922,-9.547,7.35,-22.469
53.331,8.707,-6.16,-4.442,12.344,-22.341,-40.794,-19.923,-24.286,-2.165,-23.176,-24.166
53.211,24.92,3.943,-31.887,-10.455,3.255,-17.133,-19.482,-25.356,-8.424,8.607,-25.138
51.695,70.278,-32.271,2.642,9.476,-39.103,8.443,-15.904,-21.528,-30.146,-19.841,0.99
52.046,56.307,-12.72,1.12,53.593,-2.2,0.641,64.399,-9.417,13.488,0.491,0.03
51.733,117.735,-0.272,-63.227,23.567,-20.776,-37.364,-21.948,-29.342,38.025,12.641,-14.18
53.886,69.773,-4.977,-4.766,-6.392,3.064,-66.723,-21.853,-18.948,6.408,-29.76,-5.239
50.988,41.965,-10.484,-13.897,-17.843,-31.724,12.129,-18.007,-17.237,20.531,-14.741,-7.688
52.962,19.786,-15.502,-32.546,-2.843,19.057,-28.269,23.806,-18.125,-36.135,-10.521,-24.6
53.498,152.226,-62.972,-48.362,42.739,-47.13,-5.395,6.002,-23.609,-30.392,-0.899,-13.119
54.057,87.4,-32.986,1.508,41.685,-12.058,-44.181,-20.493,-29.168,26.64,-23.23,-11.931
51.169,56.629,29.551,-59.461,3.582,-0.835,-50.114,-17.209,-40.265,23.416,1.784,-4.774
53.665,47.76,30.276,13.519,11.74,-17.191,-79.289,7.896,-54.351,-14.834,5.742,-32.484
53.197,63.576,28.541,-21.016,40.343,3.263,-64.585,-24.546,-16.586,-13.955,-13.427,-29.411
51.867,47.583,-11.242,13.937,-18.926,-52.601,6.798,-22.471,-14.132,15.504,-8.555,-22.243
52.764,16.975,52.998,-55.281,-3.677,-4.689,11.06,55.043,-14.948,33.132,-20.794,-19.496
53.218,36.54,6.132,-1.369,9.539,-33.133,16.269,-34.692,-19.951,49.133,-39.07,-13.264
52.043,37.494,1.424,-30.026,-12.324,-8.681,-26.468,48.533,-3.163,-9.705,-11.938,-4.988
51.31,22.207,50.61,-63.997,37.626,-24.346,-65.558,12.666,-26.198,-13.524,4.808,-48.979
51.589,55.347,59.158,58.791,63.729,-12.69,7.262,7.38,-21.017,5.932,-46.417,-9.235
52.239,22.442,2.998,-13.848,29.982,5.619,-7.622,-35.134,-15.526,15.296,7.395,-11.42
50.517,-8.431,1.491,-15.084,14.581,-23.061,-10.672,6.451,-2.074,-22.722,-12.15,-16.839
51.425,59.754,-38.076,34.432,16.379,-39.582,-19.903,7.224,-27.864,-3.967,-15.046,-3.28
50.624,-15.551,-11.51,-3.465,36.644,-20.153,-47.596,-19.831,-50.255,14.669,-12.581,4.35
50.421,93.288,-26.716,-56.914,64.032,-7.77,-25.993,79.291,-21.096,-47.453,1.622,12.344
50.891,34.896,75.504,-12.889,73.288,-4.396,20.255,-15.493,-37.354,14.859,-2.546,-5.737
54.711,43.96,8.717,-32.487,3.617,-42.522,-19.156,-29.743,-32.459,16.954,-5.101,-21.059
53.956,16.211,20.074,7.906,-26.594,-7.342,-61.308,-18.401,-12.929,-1.184,-30.39,-23.193
53.554,56.081,6.295,-23.732,7.177,-15.286,7.341,48.922,-9.975,18.013,19.382,-15.622
54.064,63.627,-8.346,-2.573,-2.742,-17.024,-52.005,-8.131,-29.691,-10.675,-18.959,-4.064
53.446,100.855,11.667,-21.249,-10.382,-20.616,-39.948,16.625,-35.985,-45.017,31.658,-4.511
53.284,101.921,17.785,0.87,-6.922,-13.655,-48.933,-13.101,-39.181,-4.263,-5.811,-10.207
52.782,64.216,-4.941,-20.992,-17.546,-37.229,8.347,9.307,-27.406,6.17,-8.611,-6.465
52.267,52.163,3.074,12.73,-2.961,-29.391,12.551,-24.092,-7.904,-8.801,-10.455,-7.167
54.288,44.337,9.378,-26.569,-11.448,22.784,-4.861,33.532,-16.723,-15.675,-9.321,-30.801
51.697,-10.29,16.22,-15.552,-2.302,-39.009,-25.982,21.324,3.055,4.068,-0.801,-13.141
53.806,42.292,-13.642,-0.822,36.709,-43.167,-44.155,9.609,-2.568,-3.69,-3.028,-0.308
50.925,31.086,2.188,37.203,55.535,-6.769,-43.772,-16.573,22.197,4.834,-21.912,7.939
52.449,81.375,63.952,-32.833,-20.219,22.757,-64.86,3.818,-18.887,-24.576,25.845,-44.996
54.685,78.569,30.317,-4.943,-9.346,-31.024,-71.156,-12.231,-15.185,-1.591,-4.978,-18.043
52.828,34.617,36.58,-1.793,6.769,-19.345,-27.126,-14.478,-16.366,5.855,-23.42,0.775
52.585,9.813,-4.835,-34.246,-20.964,-23.278,-4.883,-34.998,-23.315,7.888,-12.929,-17.602
51.997,-38.142,4.761,-21.564,-9.117,-22.984,-37.545,-13.919,-5.72,3.834,-7.809,-31.0
51.911,-12.446,-31.728,8.489,41.991,-46.588,-27.158,-34.271,6.255,1.415,-22.515,-21.56
46.641,1.271,-1.444,-70.935,15.247,-21.357,23.337,65.109,12.603,-32.87,-0.907,-4.171
47.682,61.119,-53.457,-14.91,9.134,-55.058,8.735,-13.006,-19.674,9.991,-9.629,11.711
51.894,72.023,-5.135,-29.595,6.651,-24.089,26.171,18.409,13.754,29.723,-3.43,2.465
52.335,94.568,9.202,-22.038,23.306,-50.448,60.284,9.632,13.221,8.827,-4.368,11.869
54.138,47.134,11.45,-14.103,2.552,-33.687,8.135,-9.549,-4.982,19.948,-3.743,-7.706
55.188,22.59,20.555,8.634,36.836,-19.801,16.21,-9.836,9.291,4.111,-11.805,-30.829
50.952,12.214,27.645,-2.228,8.449,-40.026,24.332,13.362,-8.421,-5.85,6.554,-32.807
51.249,19.832,-3.901,15.307,25.879,-26.395,25.773,-13.645,5.205,-6.824,-5.756,-14.676
53.525,-12.819,8.123,-18.313,49.148,-29.614,29.984,-9.336,3.863,3.09,3.819,-13.284
53.896,104.668,-33.272,-51.759,73.328,-55.926,19.976,15.781,3.197,-4.455,-2.192,-0.462
55.402,23.371,14.956,36.092,16.609,-43.189,12.601,-11.706,-6.303,-2.028,-21.453,-3.149
54.492,-12.791,41.984,-27.219,-6.697,-15.06,-30.43,11.727,-31.446,-5.294,16.261,-41.029
53.92,23.239,6.579,15.861,-1.725,-30.3,2.111,-6.224,-20.079,-17.62,-17.752,-16.753
54.408,116.406,-22.895,-44.534,43.756,-46.515,51.8,12.01,-13.81,-9.117,-2.431,0.59
55.154,22.798,37.297,-1.878,-9.876,-35.433,-16.093,-13.074,-26.892,15.369,-9.848,-41.465
56.404,35.939,32.132,15.745,36.022,-15.795,20.179,-6.535,-3.06,-10.584,-0.387,-8.171
53.315,-5.246,30.701,-40.117,39.818,-23.203,-0.512,5.788,17.283,12.868,-8.128,-8.801
54.556,7.288,30.956,-41.905,49.586,-33.069,-5.949,5.804,20.632,-7.811,1.252,-6.088
54.485,7.683,33.42,11.763,18.964,-41.668,-7.016,15.406,16.628,-4.003,-17.858,4.369
54.632,83.798,-7.11,-42.995,16.322,-25.033,2.62,22.895,-5.346,9.085,2.29,4.138
55.958,60.911,2.575,-21.297,-15.094,-45.201,-32.29,-12.78,-37.542,13.593,0.356,-3.954
56.548,51.784,15.271,-17.575,-5.551,-28.99,-14.107,3.959,4.09,7.106,4.102,-13.583
55.548,35.724,31.45,12.871,-7.724,-35.06,16.039,-7.986,-8.305,7.94,-29.891,-2.025
56.409,48.329,16.541,-23.896,37.759,-37.297,14.0,0.327,8.256,6.904,-0.418,1.598
55.862,38.18,13.744,5.27,28.487,-37.583,16.974,-3.229,17.699,14.329,-16.571,10.024
54.286,27.646,31.784,-24.685,30.885,-35.416,20.867,20.838,15.0,-2.02,-12.647,8.766
55.516,24.307,32.705,-20.385,53.718,-43.348,21.197,-2.776,10.367,7.201,-9.351,-16.857
54.533,27.225,2.587,20.321,25.169,-44.287,-19.875,-10.698,4.333,3.894,-25.451,-9.448
51.266,41.019,37.675,-2.362,22.472,-34.748,-1.886,-3.327,-18.865,-12.466,1.403,-10.67
51.259,13.131,-8.425,-4.015,-2.839,-37.333,11.741,-9.165,-7.488,13.577,-16.256,-7.597
53.096,40.937,15.621,-33.076,21.768,20.287,2.728,-41.97,1.214,-26.789,-18.265,-12.87
54.435,1.507,32.722,-21.986,34.955,13.815,-0.466,7.69,21.019,-27.043,0.786,6.403
52.959,16.083,35.054,-64.722,20.485,-16.161,-26.73,-4.69,8.803,1.003,-8.244,-6.854
54.236,-3.407,44.298,-18.125,48.895,-21.283,-17.786,-16.959,24.051,5.912,-8.541,-2.312
52.663,-8.18,23.546,24.658,17.932,-41.144,-15.988,11.529,3.268,-7.244,-7.338,1.934
54.735,32.87,44.702,-40.683,22.06,21.759,8.533,4.464,7.044,-12.935,-7.199,-0.464
53.652,-8.967,43.553,-15.907,51.209,-28.774,-16.699,0.055,-7.003,-6.75,-5.123,-22.189
54.074,6.279,10.445,-18.555,52.243,-60.737,12.253,1.243,12.403,7.178,-14.785,-12.698
54.596,11.596,42.237,22.012,55.848,-17.387,1.586,-17.669,26.244,-2.321,-5.023,-3.611
53.748,1.438,13.861,-11.883,23.979,-48.6,10.253,-7.799,17.118,8.269,-8.18,-30.123
53.128,-14.681,30.341,-3.215,32.759,-31.735,4.086,-0.423,28.066,12.166,-14.345,-8.787
54.485,31.271,0.834,30.777,20.299,-51.527,-6.151,-14.861,2.579,-0.418,-18.032,3.007
53.863,-4.435,55.843,-10.135,27.617,-10.684,23.234,1.227,-9.947,-12.81,-1.017,-22.856
54.094,13.825,58.803,5.734,14.52,-29.216,30.485,-4.714,-4.871,3.779,-6.044,-3.278
54.712,27.827,19.775,4.062,10.468,-51.857,25.243,-14.641,13.48,6.722,-21.332,0.527
53.887,16.134,38.683,13.892,31.197,-33.188,9.65,2.562,-10.483,3.962,-19.769,-15.619
54.226,49.409,1.335,5.101,17.01,-18.58,-10.633,-19.998,-4.649,-2.44,1.495,-11.173
52.03,29.384,7.557,-9.415,14.784,-38.385,-19.938,-15.362,-16.784,-3.161,-4.513,-7.267
52.932,-16.546,25.764,-13.563,44.371,-14.178,-6.759,11.381,5.089,6.571,-19.378,-15.888
53.398,12.586,44.901,7.596,61.376,2.226,-29.713,-2.559,5.786,-4.469,7.907,-15.818
54.599,26.57,19.888,-7.116,11.798,-20.908,30.886,8.769,0.622,12.586,-17.376,-0.704
53.657,2.247,28.824,8.546,22.156,-23.758,4.0,-12.098,-10.207,2.503,-14.089,-13.825
53.844,17.508,18.533,-5.403,29.187,-4.047,-14.375,20.097,19.619,-23.135,-10.748,-25.714
51.998,32.168,20.546,-29.815,-11.032,-27.994,-3.419,-3.334,-10.813,4.735,-5.796,-2.3
53.957,23.986,10.606,-35.302,11.018,-17.296,-39.808,-8.471,-30.876,-13.722,-0.459,-3.792
53.509,-8.48,20.301,-21.121,27.118,-32.365,-60.178,-11.772,-47.537,-7.182,-3.041,-10.501
54.328,26.856,-6.485,-31.995,23.719,-28.675,-38.042,-0.971,-24.316,-7.284,0.557,-7.861
54.034,15.908,10.281,-26.231,14.062,-32.015,-40.14,-15.647,-28.206,-9.377,4.396,-5.542
54.869,39.916,0.785,-4.936,16.629,-19.512,-23.41,-32.344,-13.393,-0.211,-14.859,8.944
52.229,-30.163,24.553,-20.596,17.646,-20.434,-36.802,-8.279,-17.961,0.32,-3.631,-3.653
53.364,10.246,10.814,-20.064,31.38,-14.033,-46.667,-4.806,-32.664,-1.849,-2.061,-10.194
51.643,-6.348,4.845,-12.37,46.635,-35.243,-42.968,-5.466,-28.105,-6.99,0.334,-2.657
52.702,52.461,-22.345,-23.0,9.63,-14.303,8.809,7.289,-3.521,-9.077,-4.625,0.792
51.974,43.279,-1.239,-12.868,5.009,-28.112,30.614,7.457,-22.775,4.164,-9.147,5.122
55.21,125.532,13.306,-73.491,-12.068,-9.856,-11.139,-0.494,2.908,-0.037,13.649,-1.265
56.449,56.191,11.662,1.663,-10.388,-20.537,-37.486,-44.739,-16.799,4.698,-11.105,-11.582
55.605,63.183,37.799,-38.543,-2.168,-19.473,-53.577,-8.077,-7.951,-17.056,3.71,-29.593
56.726,77.053,41.961,-6.381,40.642,-16.465,-60.137,-32.589,-36.862,-20.712,-3.933,-25.448
56.996,87.863,66.296,-14.122,3.908,1.432,-61.2,-8.614,-24.24,-27.205,-0.516,-20.147
55.817,39.598,19.142,0.756,6.745,-24.604,-18.487,-12.897,-6.862,-6.742,-24.777,-22.477
52.91,-3.067,9.821,-8.782,29.727,-20.743,-8.747,5.477,26.85,-4.942,-21.683,0.372
50.822,47.09,37.736,-17.925,18.072,-18.97,0.706,-17.17,-21.12,-0.674,1.815,-3.985
50.971,21.391,-5.043,-16.121,-17.751,-37.351,-1.893,2.988,-14.858,-0.697,-6.996,-12.206
55.245,96.586,28.713,-42.969,9.482,13.227,-40.025,-39.528,-11.835,-2.2,-1.019,-16.638
54.542,17.499,52.813,20.076,11.95,-17.481,-27.481,-17.679,-6.16,3.153,-37.68,-28.44
53.587,-12.476,42.038,-57.419,33.341,3.335,-13.49,17.149,15.076,-20.213,-13.414,1.748
53.473,4.406,45.039,-62.073,23.498,-29.558,-13.847,-0.474,10.774,-10.325,-1.396,-2.0
55.122,26.018,31.486,-4.102,49.282,-26.102,-42.747,-25.566,9.534,-7.343,-14.074,-8.064
54.77,-7.503,32.947,-5.242,52.84,-26.332,-17.952,-22.892,23.78,-2.389,-9.807,5.429
52.107,-29.178,13.836,32.872,20.171,-63.01,-13.419,-2.393,-0.037,-6.865,-7.338,11.566
55.139,31.099,21.635,-10.425,29.553,14.951,16.07,-5.119,-7.991,9.589,19.897,2.669
54.25,-17.478,23.659,-12.106,55.064,-42.273,14.579,4.681,18.178,0.441,-6.658,-2.87
54.719,9.162,43.023,17.311,38.284,-55.195,16.048,-17.571,8.554,14.675,-16.942,-5.485
53.875,2.398,27.124,-16.81,22.538,-42.57,45.961,-4.811,22.316,0.886,-11.963,9.283
53.544,31.478,6.599,3.561,25.409,-25.111,9.515,3.838,10.406,-14.75,4.485,-3.259
55.534,24.027,45.469,-20.774,43.992,-12.505,7.423,20.726,-26.358,-6.751,2.01,-25.492
55.325,47.92,17.167,-5.447,6.46,-42.933,11.447,10.909,-12.005,7.832,-21.468,-13.006
52.208,40.425,-4.328,-11.967,9.941,-30.336,-1.2,-6.622,-28.536,1.76,-10.962,-16.234
53.998,50.732,9.529,1.296,-0.079,-9.149,-9.18,-14.498,-2.648,-5.329,2.615,-3.659
53.179,29.433,13.683,-4.892,9.989,-28.179,-9.577,-11.564,-20.137,-1.658,-4.684,-6.728
53.53,-16.797,19.235,7.023,26.034,-10.533,-1.775,16.541,15.307,-2.114,-12.169,-9.879
53.395,7.552,39.136,-9.319,38.133,1.347,-15.537,-2.044,-1.703,11.278,-23.244,-15.568
53.926,19.349,43.971,-28.575,28.159,12.239,16.353,6.711,15.814,-12.871,10.268,-17.541
54.277,15.075,42.824,-28.585,35.424,-33.32,-5.222,6.243,24.13,6.317,-12.205,-11.139
55.488,46.616,18.375,11.911,16.531,-20.161,-7.689,14.089,1.258,-4.627,-9.475,2.649
54.207,52.559,11.906,-44.338,-10.49,-33.863,-39.401,-11.582,-47.656,6.638,3.394,-15.858
55.7,61.7,26.764,-6.286,15.148,-22.803,-36.018,-31.014,-20.015,-5.298,-13.557,-32.22
54.42,3.057,11.052,-22.504,42.624,-29.466,-15.503,13.155,0.564,-7.991,-14.954,-34.946
51.6,29.486,-12.558,-24.939,24.655,-26.496,8.038,4.304,-28.143,2.058,-11.922,10.402
53.93,46.037,-19.407,19.205,2.244,-27.827,-10.283,-21.865,-9.164,-9.153,-2.937,0.402
51.384,43.374,21.776,-55.892,6.06,-23.245,1.227,13.637,-33.542,-14.386,-8.542,1.52
53.147,-2.106,7.573,-7.18,44.632,-29.746,-3.905,2.297,-15.03,11.003,-23.438,-7.442
54.029,32.043,-8.708,-16.72,33.255,-26.846,9.238,8.41,16.412,28.058,-18.458,-12.267
54.021,31.205,19.202,-50.829,33.076,-8.004,25.157,5.619,-17.284,19.025,-17.989,-10.189
55.304,31.116,31.245,-30.895,28.395,-36.207,42.438,24.34,-9.151,-4.068,-3.657,-14.406
56.348,57.67,9.487,11.815,11.155,-38.626,-1.759,10.969,-5.888,-0.208,-9.655,-0.637
56.372,65.436,28.144,-23.925,9.702,-23.508,-16.208,-8.585,-18.729,-3.794,8.345,-7.277
55.636,52.934,22.396,-22.239,3.379,-40.246,18.592,0.846,13.037,2.293,-15.225,-17.232
56.201,52.79,30.987,-14.531,11.734,-22.14,3.017,2.159,4.619,-3.578,-4.826,-15.293
54.76,6.025,7.207,-17.866,22.902,-39.587,6.096,1.484,-16.896,-1.42,-4.468,-18.341
54.932,36.697,18.771,-23.117,2.079,-47.405,16.614,-2.091,-6.822,-1.518,-3.396,-0.615
56.322,45.2,9.99,-10.4,9.448,-40.392,5.538,-3.995,-14.026,3.021,-4.173,-1.733
55.135,12.349,35.465,-16.91,10.361,-24.03,7.017,20.141,-6.725,-12.672,-13.991,-7.452
53.191,34.826,34.751,-47.05,-15.114,-21.796,-9.989,20.432,-24.857,-9.01,-13.564,-1.007
53.77,51.173,35.784,-9.896,-42.701,-27.207,-10.972,-5.51,-37.735,3.286,-5.238,3.643
54.919,74.232,42.013,0.634,-36.465,-36.202,-5.279,-5.414,-16.815,-16.115,-9.166,-2.426
54.541,41.955,42.222,-12.305,-28.105,-14.621,-3.086,10.189,-31.966,-18.306,-20.995,10.003
54.053,47.074,27.974,-24.45,-26.342,-15.341,-4.665,3.642,-25.689,-15.907,0.891,6.455
55.289,81.48,50.665,7.926,-18.934,-31.66,8.152,-3.102,-24.31,-3.789,0.903,4.497
54.14,61.554,48.674,-6.767,-37.106,-24.236,5.699,-4.376,-12.614,4.443,-11.118,-3.98
54.662,63.196,29.705,-10.098,-8.646,-4.027,5.12,-1.985,-7.44,-17.485,1.817,-2.216
54.47,53.483,42.25,-2.141,-21.073,-31.985,12.837,-3.488,5.73,10.634,-4.58,-4.167
54.967,82.262,41.803,-11.885,-34.449,-30.845,12.581,-3.256,-2.471,-1.514,-2.458,-3.628
54.968,64.943,50.422,-6.592,-11.269,-26.79,-5.956,-0.931,4.54,2.046,-8.696,-16.033
54.809,47.341,27.878,-7.034,-13.99,-24.482,-19.784,-21.215,-6.659,6.155,-10.849,0.295
55.834,69.878,37.877,1.187,0.733,-24.637,-13.42,-5.169,-12.599,5.982,10.451,-3.643
52.972,18.417,25.537,-12.974,5.905,-25.267,-31.318,-0.765,-27.03,-10.861,-4.82,0.705
53.773,47.567,32.213,1.925,16.699,-11.297,-32.144,-19.597,-15.49,-16.794,7.096,0.524
53.992,60.591,34.99,-10.498,-37.123,-28.659,12.779,19.537,-19.448,-9.958,7.607,0.403
54.418,89.813,53.364,-23.292,-16.031,-26.889,8.592,3.43,-3.951,1.922,-7.392,16.381
55.677,95.643,56.235,-4.376,-20.653,-24.097,-7.574,5.108,-17.102,2.744,-10.057,-4.429
55.23,95.888,58.095,10.273,-6.755,-30.678,-11.482,-14.503,-22.803,5.35,-10.339,6.954
54.074,37.92,31.516,-43.776,-20.351,-34.873,-2.154,12.27,-10.864,-9.948,1.497,0.418
55.592,48.625,42.399,-2.878,-2.393,-15.001,-0.121,10.419,-8.029,-9.329,3.566,-0.701
54.807,74.501,39.645,-7.401,1.966,-30.365,0.17,-7.031,-7.646,-7.683,-8.383,-18.27
55.413,76.511,24.197,3.008,-23.21,-52.936,12.609,8.745,-17.515,0.153,1.768,2.755
55.169,87.099,34.987,-23.217,-3.45,-32.54,3.972,-0.509,-20.283,4.157,0.68,-14.839
56.447,60.337,72.919,5.319,5.732,-42.106,12.971,16.277,-21.846,0.864,2.347,6.484
56.604,59.585,67.118,10.634,-1.429,-20.001,-0.908,-3.992,-20.218,8.363,-24.032,-9.303
56.235,65.848,38.038,-22.875,-6.073,-26.654,-14.221,-22.916,-14.681,3.23,-2.798,-21.812
55.359,22.075,53.398,1.565,21.765,-29.081,-31.08,-21.093,-3.383,9.256,-8.449,2.329
55.995,53.671,28.539,-14.944,0.592,-37.526,0.417,7.658,12.295,3.72,-5.18,3.037
55.187,74.181,27.113,14.302,-13.645,-14.261,-9.131,3.491,-17.321,-3.921,-15.433,-20.059
53.792,53.352,30.178,-22.866,-1.119,-34.047,2.409,6.473,-22.245,-2.152,-7.156,-20.814
56.117,40.382,60.861,-2.621,-14.404,-27.288,7.897,4.449,-17.947,-3.329,2.378,-12.319
56.118,59.484,45.09,-3.487,9.971,-27.963,6.065,-7.753,-5.752,-2.508,-3.921,-2.886
56.241,71.88,60.911,-11.712,9.254,-27.184,8.45,-5.91,1.189,5.028,-12.607,-3.454
55.778,62.863,70.129,-6.422,-12.67,-27.973,3.956,20.265,-9.219,1.654,-16.139,-16.472
56.539,77.565,32.483,12.684,-4.226,-18.042,-5.306,-8.492,10.129,11.777,6.07,-8.531
54.424,63.903,30.356,-4.474,-8.775,-27.108,10.492,0.342,16.719,9.991,-11.852,5.062
55.431,31.207,52.351,-2.3,32.342,-17.606,26.32,0.982,-0.478,-2.56,1.363,3.576
57.279,83.121,34.924,13.814,-3.164,-37.583,2.446,-22.296,5.568,5.288,-18.157,13.236
56.297,78.344,46.711,-5.052,3.193,-21.32,15.07,-0.552,10.303,-10.141,-15.788,15.125
57.079,79.919,43.552,-24.031,2.994,-19.016,-6.552,23.005,8.226,-1.517,14.32,-11.598
56.912,75.901,53.121,19.784,10.692,-33.359,9.785,0.633,13.847,24.081,-9.791,-3.683
54.456,93.631,44.006,-28.525,-4.297,-18.22,-0.89,-8.543,-8.283,6.223,1.198,3.729
56.503,87.239,36.67,-13.626,-8.001,-31.485,-14.697,1.904,-2.907,7.013,5.64,-11.69
57.32,70.107,79.321,2.115,-0.341,-14.06,-26.827,8.606,-1.709,1.955,-2.453,-19.64
56.563,72.893,73.463,11.678,28.047,-6.941,-33.751,-22.321,-21.729,14.999,-10.593,-3.715
55.302,32.642,61.39,10.091,40.167,-37.132,-17.452,4.013,0.684,2.429,-7.997,-3.003
56.194,41.66,40.695,-27.259,-2.204,-23.754,-8.669,-5.882,-0.211,2.496,-5.808,-11.207
56.489,35.395,45.678,-12.091,25.507,-34.316,-8.276,16.977,11.929,3.51,-9.987,8.916
55.631,74.955,41.543,-18.96,-18.521,-22.244,-0.371,-13.014,-12.064,-2.964,-11.273,7.579
56.174,40.038,29.589,-34.123,10.958,-32.63,-43.782,-1.917,-12.688,-4.656,7.287,12.656
55.879,42.792,23.639,-30.81,-9.512,-27.637,-35.86,-2.283,-7.98,-8.159,1.893,25.805
56.119,52.763,25.372,-12.461,5.532,-18.219,-35.929,0.157,-25.57,-14.164,-6.253,5.15
54.513,31.77,24.744,-13.621,-0.196,-22.145,-37.729,-6.992,-21.165,-8.336,-1.915,-3.171
55.166,36.247,15.631,-37.505,-11.242,-24.827,-21.37,-0.829,-11.022,0.965,11.742,-1.493
55.661,43.63,24.099,-10.025,5.257,-29.466,-41.924,-13.367,-11.022,-2.582,-4.181,10.658
55.3,50.099,24.248,-33.908,-9.278,-24.153,-23.404,13.555,-13.109,-6.521,2.693,21.65
56.115,54.145,15.693,-3.658,-6.021,-25.969,-31.407,-6.02,-26.985,-2.459,-8.094,13.806
55.316,46.768,16.628,-54.515,-11.806,-30.459,-27.793,8.815,-13.575,-6.198,8.698,3.947
55.987,39.11,23.412,6.581,2.068,-30.605,-12.556,-13.929,-8.124,-4.236,-7.455,15.652
53.15,5.568,22.564,0.658,26.571,-23.463,-14.755,-1.836,-27.332,-18.377,-14.047,15.204
51.616,-16.446,21.176,-25.935,19.93,-30.93,-16.054,-23.312,-29.267,-3.489,2.529,14.446
52.127,-38.148,30.0,-7.34,-4.158,-37.993,-23.372,-11.924,-16.538,-11.81,-1.409,10.793
53.589,-0.907,24.457,-40.881,30.501,-29.837,-16.398,-2.945,21.622,-6.849,1.907,20.038
53.251,-14.902,26.193,-7.797,23.463,-41.068,-10.555,14.887,13.692,-14.855,-2.419,22.638
52.915,41.351,19.229,-28.193,19.888,-32.878,-6.886,8.211,4.306,-6.552,7.72,32.333
52.23,77.697,52.099,-22.249,-5.68,-34.524,14.661,23.391,22.651,-5.756,11.298,28.073
52.266,134.611,64.529,12.497,-7.854,-30.828,45.529,1.612,32.718,10.638,-9.503,40.331
49.438,144.376,108.772,-5.169,8.401,-24.582,4.317,8.323,5.271,2.16,1.253,30.216
51.008,128.053,100.453,19.747,8.936,-32.392,2.13,-33.97,2.835,12.892,-10.317,31.957
52.631,103.585,85.624,-0.858,7.596,-24.329,10.629,-1.586,15.205,0.962,0.269,-6.047
52.011,106.687,61.722,42.675,-1.675,-40.071,1.816,19.256,6.981,7.66,-11.214,21.389
45.706,158.004,116.95,11.194,10.082,-34.841,39.687,0.071,35.204,16.185,-10.432,14.735
46.385,160.924,77.842,30.055,32.736,-26.9,21.412,-7.274,17.803,-1.657,-11.355,29.943
41.739,148.734,68.203,49.999,28.125,-34.352,-1.286,23.075,37.497,13.842,-20.527,14.376
37.816,181.206,105.437,31.696,7.702,-36.917,36.89,2.878,16.659,13.88,-24.135,-3.664
36.901,192.317,128.205,48.305,3.248,-44.521,74.474,-16.036,4.63,27.23,-10.362,25.666
36.995,201.763,128.381,38.199,19.215,-37.448,84.775,-7.368,28.924,6.529,-0.34,25.429
37.563,166.249,158.985,42.595,38.42,-38.477,101.551,10.09,26.566,14.945,-16.139,27.573
37.971,140.258,138.475,22.966,28.126,-37.041,72.792,14.405,24.027,1.727,-5.612,38.655
39.496,136.659,103.028,26.731,17.505,-33.062,56.645,-0.514,15.747,3.701,-8.529,54.289
32.6,181.417,94.032,173.629,24.824,-25.162,41.259,72.059,26.711,-23.182,-43.337,46.339
5.816,173.099,59.032,100.4,28.544,-48.75,10.725,33.551,-4.411,-4.134,-29.854,-9.008
