0.0,171.13,9.469,-28.48,57.491,-50.067,14.833,5.359,-27.228,0.973,-10.64,-7.228
16.893,-27.125,15.557,-248.22,17.509,57.144,71.944,-73.472,-40.177,99.222,-9.631,10.834
28.952,-111.392,-5.075,-11.467,-42.923,-35.882,15.723,1.546,-2.152,-4.061,-1.963,-0.811
34.758,-13.519,17.87,-7.4,-63.539,9.703,6.174,-1.269,-7.331,-8.621,9.306,-36.917
36.929,-13.556,-3.13,53.057,-53.075,-18.594,-32.3,-15.818,-8.683,-5.37,-28.996,-29.148
29.087,-126.122,-62.196,12.19,-42.764,-13.11,-7.578,8.806,-19.934,6.558,-18.713,-6.441
28.643,-128.18,-61.934,-58.95,-50.647,7.015,-4.587,-6.893,6.455,1.726,-35.238,-2.038
32.005,-115.656,-48.515,-71.59,-41.135,47.796,17.27,15.831,24.651,-20.955,-8.139,-15.586
35.454,-39.109,-44.943,0.122,-88.424,-10.146,0.236,-8.395,-17.888,-3.442,-15.586,0.317
37.783,-10.866,-29.644,15.546,-65.096,34.58,-10.81,-21.092,-11.251,1.409,8.148,-23.489
30.994,-105.067,-27.964,-9.379,-61.038,-31.717,-17.68,5.669,-16.9,0.674,-9.226,2.586
27.668,-150.031,-86.731,-24.617,-64.663,-39.793,-13.496,3.868,-10.218,-3.239,-18.84,-3.847
29.623,-107.527,-15.961,-122.735,-36.327,38.528,20.424,2.997,7.209,-16.509,-12.616,-0.834
35.089,-84.512,-8.091,-10.893,-60.358,-8.003,12.827,-10.741,-23.371,-12.098,2.215,11.065
40.896,-8.0,24.45,-49.528,-56.152,72.655,7.741,21.19,0.082,-45.422,1.106,-23.968
39.584,-2.808,-18.967,47.767,-65.533,5.361,-15.974,-23.926,-6.333,-5.591,-16.423,-27.104
33.634,-66.868,-32.464,6.689,-34.534,-21.537,-19.212,-0.74,-5.954,6.664,-33.996,11.976
26.052,-156.124,-91.617,-34.502,-58.027,-38.837,-9.379,4.437,-22.376,1.461,-10.293,-7.048
33.109,-120.728,-58.831,2.097,-50.296,30.584,5.879,-12.687,4.68,-0.503,-17.44,-11.229
36.359,-117.036,-45.606,-8.609,-45.383,20.548,19.988,-2.195,18.244,-2.339,10.062,-15.846
38.377,-21.269,-35.603,-5.644,-83.84,-26.994,-4.485,-8.649,-10.877,3.004,-20.439,-0.319
36.0,-36.858,-24.516,24.734,-51.955,5.98,-21.624,-11.562,-6.268,-16.975,-0.295,-15.645
30.047,-93.2,-12.862,13.719,-53.36,-32.469,2.76,3.867,-34.423,1.503,-1.772,23.116
30.958,-55.426,-76.061,26.368,-30.728,-17.88,-28.159,-47.081,-4.144,9.117,-28.533,9.91
38.346,95.71,-47.931,-58.775,7.871,-16.225,-30.381,-8.495,-4.806,-8.586,20.765,3.452
43.44,10.763,-24.291,-9.164,-2.846,0.714,11.133,-63.6,-7.94,13.622,-46.352,14.442
43.094,-64.257,-24.575,20.96,-20.68,-34.201,14.623,-47.327,-22.765,-9.196,-7.355,-8.246
50.091,10.525,-26.925,10.922,-9.432,59.519,5.094,4.484,0.655,-33.408,39.154,-29.439
50.53,54.914,15.6,17.012,-40.584,8.338,-28.889,-3.212,-10.085,9.577,-1.32,-37.197
45.2,-9.855,-28.61,3.276,-71.713,-80.479,-46.24,-19.473,-17.549,15.832,-17.282,-16.841
50.39,40.406,-38.753,105.274,0.051,-49.413,-20.702,-18.781,-5.912,-36.324,-38.09,13.114
40.376,-14.679,-67.079,-16.129,-5.709,-58.726,-12.293,-46.274,-12.001,30.586,-14.797,-31.764
41.706,-8.437,-65.667,-39.295,-1.247,-49.969,-20.916,-16.106,9.804,9.774,-11.324,-24.526
44.744,-11.346,-126.881,62.248,-16.6,-87.979,-35.623,-30.329,-7.542,4.265,-46.677,-5.694
43.151,-72.368,-75.58,3.338,-9.753,34.504,22.369,-50.433,4.053,-17.636,24.349,-17.34
50.963,26.47,-51.028,65.407,-18.795,-48.795,-26.666,-24.532,-6.724,-25.212,-22.643,0.572
47.928,23.188,-7.705,-12.476,-49.978,-1.076,-36.202,-8.854,-26.091,11.065,10.461,-19.589
45.184,36.977,-45.905,-12.686,-25.12,-31.629,-38.953,-36.519,-30.347,-3.965,-11.278,-16.497
43.9,-35.771,-74.157,36.502,-50.68,-84.957,-42.192,-49.176,-18.384,12.889,-28.696,0.031
50.162,33.732,-73.14,81.203,4.304,-5.569,-22.306,-4.699,-1.623,-21.086,-6.253,7.819
40.948,-3.107,-128.032,-31.908,27.637,-62.489,-27.387,-34.456,-7.225,12.318,-9.157,3.412
42.003,5.723,-104.198,-32.686,-9.037,-29.262,-38.183,-21.122,7.139,-2.156,-6.851,-3.418
42.981,1.916,-71.374,-37.643,-8.402,-34.086,-35.268,-29.617,8.674,1.592,1.511,-16.997
47.167,4.439,-68.765,29.235,11.522,-19.113,9.359,-21.911,4.437,-10.933,18.113,-4.699
44.428,-67.385,-28.366,19.55,-15.554,-25.432,16.918,-40.756,-14.862,-22.697,-4.255,-8.081
51.065,31.332,7.523,19.395,-21.485,35.093,-10.92,5.147,-6.224,-22.664,-5.024,-20.163
48.577,25.913,18.116,-5.121,-39.906,-5.817,-20.801,-21.025,-11.167,7.13,15.555,-42.169
47.427,16.624,3.799,-2.76,-33.507,-15.708,-34.365,-21.002,-12.172,-19.266,-8.399,-31.477
46.267,56.012,-31.846,-5.941,-12.422,-39.566,-33.395,-30.403,-30.825,0.318,-21.976,-29.45
44.44,-12.379,-68.876,54.431,-49.298,-77.606,-32.176,-63.035,-22.889,22.947,-11.453,-8.548
50.24,42.64,-55.773,90.537,-6.305,-36.516,-37.331,-17.461,-24.021,-33.092,-32.791,16.2
40.714,-16.399,-97.745,-25.426,27.086,-31.305,-31.806,-50.32,-13.207,-4.145,-0.097,-3.745
40.892,-13.047,-93.303,-55.316,0.731,-42.464,-47.857,-18.322,7.614,4.455,-3.4,-10.643
47.017,26.524,-98.533,24.797,-12.259,-65.431,-16.021,-25.036,-10.752,13.196,-29.449,1.392
45.353,-62.33,-56.964,19.169,-16.001,-32.534,-7.119,-47.0,-4.592,6.236,-12.082,-9.433
49.554,17.354,-58.244,52.267,-3.878,22.731,-19.772,7.963,6.914,-27.791,10.958,-5.955
46.804,36.58,-2.815,-20.903,-16.248,-1.961,-45.615,-16.263,-27.263,14.78,-3.919,-11.197
44.898,56.083,-47.3,0.238,5.069,-32.238,-59.274,-47.02,-36.142,-5.962,-5.794,-18.091
43.532,-16.901,-76.026,59.484,-49.092,-86.393,-53.113,-59.776,-18.033,20.4,-25.198,-7.661
50.849,42.741,-51.159,99.569,12.463,-38.582,-28.419,-9.638,-15.95,-32.974,-34.082,21.697
39.839,-34.312,-79.487,-20.054,52.03,-70.108,-35.017,-38.996,-21.352,18.483,-15.244,11.989
42.376,55.45,-58.325,-102.913,48.883,-41.564,-47.626,44.675,-1.648,-13.651,20.392,-2.826
50.825,43.805,-22.868,-14.159,-1.401,21.962,-4.255,-5.883,-35.576,42.437,-27.759,-1.645
47.006,15.226,-21.202,-22.324,-11.105,-30.392,16.454,-2.05,-25.781,-5.015,-15.402,7.474
46.175,26.171,-59.314,13.288,4.522,-14.752,35.338,-48.697,-33.052,-48.714,-33.574,4.93
53.848,19.696,52.05,8.622,7.866,1.941,11.748,45.156,1.23,-24.065,-17.772,-19.899
52.845,47.577,40.123,25.042,-24.36,-4.626,-8.546,6.385,-25.612,12.619,-18.886,12.33
51.179,120.666,-11.387,-21.867,-4.667,-14.942,-20.863,-47.662,-22.945,-20.171,1.043,-12.845
51.492,2.315,26.373,52.526,-10.369,-0.227,-9.504,11.509,-46.404,-8.311,-55.641,4.817
47.108,107.364,-6.1,-73.039,-13.676,48.187,-3.063,-25.627,-5.89,-11.29,-43.979,-3.124
47.21,85.286,-14.6,-161.184,-38.089,14.905,-3.576,-18.762,-22.707,-16.115,3.715,-13.474
53.421,84.442,0.535,-22.29,-49.634,-11.981,-37.626,2.563,-44.616,-19.027,-2.483,-2.452
52.028,9.728,-13.771,54.485,-17.143,12.413,1.835,-16.334,-25.857,-2.251,-65.391,18.841
54.132,38.713,10.868,51.758,-13.198,-6.986,20.486,28.977,-21.779,-18.408,-20.68,22.416
51.445,59.477,1.982,-35.703,-29.457,-2.462,-23.716,11.535,-43.007,20.329,8.278,0.094
52.417,44.598,16.287,-8.056,-31.101,-5.494,-43.01,21.474,-43.562,14.291,-19.633,-21.344
48.15,171.658,-61.245,-72.145,-22.416,-19.372,-39.987,0.186,-3.542,-15.832,-10.077,-11.961
47.323,-10.577,-50.354,73.904,-21.751,-67.665,-8.466,-9.528,-50.316,11.989,-40.804,6.897
51.658,60.052,-53.199,78.621,-14.938,-46.319,-8.965,8.246,-15.699,-26.239,-28.491,23.73
41.953,32.979,-98.062,-40.407,-33.348,-26.461,-12.421,-4.142,-24.249,-16.092,-37.613,10.22
43.075,8.799,-80.437,-69.4,-45.053,17.837,-20.463,8.52,-10.055,-6.279,19.557,-9.255
51.613,74.719,-27.294,-77.1,-41.085,33.899,-14.137,-15.741,-30.278,20.309,11.068,-1.297
54.132,101.223,2.956,-32.135,-43.79,-8.38,-37.198,15.551,-22.433,-24.41,-15.828,-6.56
51.216,42.42,-14.219,54.286,-24.768,4.288,8.705,-30.579,-5.295,-3.386,-50.835,11.525
53.576,28.067,40.501,-27.049,-7.934,50.685,25.195,-26.12,-19.803,-2.806,18.321,-44.177
54.917,40.598,4.532,39.98,-12.32,-31.678,2.281,10.496,-25.152,-15.265,-31.215,-14.614
51.612,37.681,19.191,0.128,-21.11,-2.01,2.51,60.282,-36.923,29.084,12.929,-9.547
52.223,65.693,19.012,-41.577,-55.086,10.62,-47.534,24.425,-44.483,-23.461,10.99,-8.056
51.949,51.601,13.156,-8.592,-27.967,-10.949,-35.207,11.229,-15.38,10.359,4.19,1.772
54.797,99.581,7.904,24.407,-23.973,-43.058,-33.191,17.22,-14.376,-28.675,-12.437,-0.283
49.767,56.828,-51.058,64.556,11.557,-34.286,-15.162,67.449,9.06,2.758,-2.957,25.366
52.934,44.255,-16.427,-3.785,-25.218,9.564,-9.936,-37.27,-20.52,30.246,10.566,-5.099
49.643,36.278,-63.544,-5.083,-2.675,-40.746,-1.316,23.579,-1.005,-16.562,-5.542,10.489
50.279,32.226,-17.999,-36.914,-42.601,50.274,-12.912,39.86,-5.222,-34.058,-32.259,0.827
52.916,-2.288,14.473,48.617,15.745,-8.365,8.591,36.249,-2.436,-7.781,-23.429,-2.625
46.551,100.329,-44.27,-30.857,2.672,-36.749,-20.298,-51.483,-26.401,-10.248,2.234,-19.279
51.626,84.561,-5.942,32.475,-9.122,-26.015,-70.174,54.033,-41.117,-4.74,-9.391,-33.7
50.26,26.668,-18.835,48.989,-38.094,-31.39,-8.284,-11.197,-31.912,4.528,-31.792,18.833
50.861,75.566,-48.391,40.613,19.324,56.731,-8.077,53.533,3.756,-18.201,31.846,2.565
46.88,67.616,-19.733,-82.947,-46.338,19.926,-29.15,-5.176,-20.588,6.016,-38.039,-3.768
51.79,54.579,-59.038,20.141,-39.186,12.11,-23.362,-34.427,-15.384,11.449,-53.051,0.035
49.463,10.007,-22.252,-99.397,-19.526,28.212,9.817,-15.418,-23.294,-8.038,-7.238,-1.121
54.638,16.141,32.227,12.758,13.995,12.497,20.5,28.511,35.836,-11.342,-9.961,2.028
53.381,70.021,32.873,7.475,-71.532,-8.473,-34.703,-8.869,-37.123,-13.46,3.766,-29.637
51.021,85.999,-29.102,5.892,-40.328,-17.274,-39.256,23.941,-33.122,-24.223,-35.141,-15.959
51.349,30.344,-6.338,-46.818,-26.202,32.334,31.236,-39.715,-8.827,4.649,12.234,-17.064
48.59,-32.148,-67.066,45.702,-43.091,-24.078,-19.338,-15.466,-7.897,-4.7,-42.834,-11.396
51.14,43.863,2.533,-107.651,-68.233,28.962,1.989,37.233,-8.706,-22.9,23.631,-25.783
55.171,70.648,-9.168,38.882,-32.424,-28.823,-16.561,2.338,-2.215,-20.671,-25.411,4.298
49.65,51.736,-61.174,-18.411,-22.639,8.939,8.972,3.721,-23.145,-7.597,-32.42,0.509
50.609,63.746,2.753,-101.753,-41.373,-6.669,-3.285,-35.394,-18.384,19.902,-24.235,-15.838
54.472,25.197,25.52,-8.349,20.37,-31.888,17.446,-3.097,3.608,9.398,-18.115,-25.369
48.655,-9.584,-48.592,56.733,-4.69,-36.641,-10.11,4.426,-19.464,-8.338,-23.337,-10.982
47.388,-12.721,-3.664,-115.001,17.489,19.506,36.939,17.145,1.936,-0.42,-38.135,2.043
50.98,47.885,-46.689,10.848,-27.454,-21.554,-3.627,-6.624,6.33,3.378,9.862,7.39
54.129,39.458,4.819,-4.487,-14.92,-15.232,-33.669,19.746,-24.485,-1.785,-8.795,-41.975
51.575,118.83,-14.51,-27.992,-57.98,-13.421,-37.599,21.482,-16.121,-12.389,-10.149,-20.503
54.092,59.566,-4.657,59.275,11.67,8.433,-9.831,13.332,-17.048,-0.636,-22.05,7.987
47.977,15.745,-54.072,22.524,-21.61,-68.837,7.902,-39.755,-11.165,14.417,-26.583,12.658
43.885,-50.364,-41.636,8.947,-8.453,-31.885,29.286,-48.136,-30.08,8.574,-27.242,12.488
50.63,24.255,-5.902,33.104,10.821,71.612,3.305,8.645,7.298,-54.399,43.591,-15.26
45.903,22.123,0.822,-9.032,-10.28,-7.092,-21.027,-15.168,-23.241,22.288,-4.574,-27.511
44.374,40.069,-39.243,-6.976,4.126,-41.385,-28.887,-42.777,-27.599,1.263,-24.575,-28.688
43.385,-18.415,-77.6,43.168,-52.785,-82.108,-41.301,-55.209,-28.496,10.546,-27.769,3.14
50.681,47.611,-41.212,99.461,10.372,-37.687,-26.897,-2.854,-18.87,-35.847,-31.368,23.818
41.668,2.123,-92.322,-26.898,15.704,-62.702,-27.859,-36.039,-2.257,13.693,-12.458,1.385
45.605,-12.93,-93.439,0.039,14.197,64.876,-5.737,-20.874,30.804,-23.867,7.661,-24.803
44.319,-68.67,-65.639,17.369,-5.378,-27.46,-7.683,-51.416,-6.359,21.479,-20.061,-0.823
48.782,2.136,-48.861,6.315,4.58,84.849,11.799,21.769,15.293,-56.339,22.244,-8.431
44.992,10.603,-41.707,-36.488,-20.708,-15.185,-26.332,-30.341,-16.999,14.43,-10.107,-11.418
44.714,-8.081,-59.004,0.067,-17.399,-33.203,-37.345,-48.317,-15.473,-12.679,-13.91,-7.185
44.687,43.853,-89.091,-26.636,22.087,-54.37,-40.412,-32.752,-21.093,0.552,-19.099,0.886
42.565,-42.92,-96.593,83.801,-35.829,-49.86,-29.798,-83.414,-26.8,30.589,-5.249,6.581
50.678,30.586,-68.594,96.138,6.223,-32.93,-19.31,-6.038,-13.126,-18.188,-39.761,20.147
39.926,-23.2,-130.798,-37.548,32.232,-71.035,-23.941,-44.271,-2.906,20.087,-18.74,7.31
40.281,-23.086,-89.833,-54.189,0.185,-38.819,-30.884,-8.649,15.708,-0.706,4.571,2.05
46.563,9.788,-78.978,17.781,1.111,20.264,11.702,-17.247,16.256,-6.301,36.72,-12.078
42.867,-74.489,-46.328,22.698,-11.25,-21.265,21.58,-48.356,-8.798,-26.931,-20.392,-1.119
51.347,30.62,11.419,19.389,-26.453,15.232,-10.513,10.065,-7.164,-9.781,-13.618,-20.248
47.173,9.539,24.773,4.452,-40.652,-36.52,-21.269,-27.269,-21.041,17.221,-15.355,-30.462
46.434,7.335,-8.574,6.542,-24.238,-29.749,-29.408,-36.337,-19.907,-8.463,-1.475,-29.635
46.019,48.697,-47.894,-0.839,9.198,-50.65,-29.369,-37.097,-28.706,9.918,-23.395,-27.499
43.338,-39.43,-55.253,67.287,-56.687,-81.701,-31.919,-55.475,-19.871,30.338,-21.681,-9.47
50.198,47.584,-48.757,95.073,5.218,-46.53,-20.801,-6.04,-5.634,-33.082,-40.463,6.032
41.275,18.648,-108.87,-19.423,49.609,-26.852,6.287,-36.823,13.934,-6.052,-0.066,-16.178
41.205,-1.105,-71.043,-36.541,8.466,-49.908,-17.145,-15.709,27.187,8.446,-2.975,-12.14
45.054,15.395,-136.327,40.01,4.841,-27.631,-22.91,-5.524,17.02,11.335,15.684,6.868
44.431,-39.689,-70.359,-2.937,-13.307,-16.098,-6.291,-50.751,-2.917,34.3,-19.988,5.224
52.038,46.734,-41.073,64.957,-22.126,-35.225,-10.957,-11.427,-19.431,-18.653,-17.641,14.558
46.475,-0.467,-16.002,-20.087,-25.452,-18.612,-24.254,-23.698,-22.545,28.856,-3.275,-11.209
45.632,16.778,-30.487,5.739,-12.109,-40.304,-32.311,-47.091,-20.649,-16.159,-9.355,-13.696
45.505,50.741,-58.825,-14.228,31.525,-33.173,-31.874,-35.461,-10.073,-11.321,10.327,-8.847
43.959,-5.801,-83.291,36.611,-27.386,-90.561,-30.633,-52.359,-16.202,5.704,-24.203,5.303
50.143,23.175,-46.926,18.136,36.812,88.428,-13.328,31.064,-6.406,-22.958,24.943,-13.669
47.554,-4.821,-33.0,-10.703,36.293,53.355,-11.954,-3.029,-45.61,-3.928,-55.666,4.112
47.5,14.209,-72.582,8.83,-33.06,-71.111,0.182,-40.976,-12.051,16.866,-31.047,16.827
53.487,-7.211,-1.335,36.86,-6.52,21.424,-5.48,-2.018,-2.812,-13.241,-44.453,-32.073
50.59,26.97,17.595,-96.081,0.519,50.544,34.07,-20.361,-4.188,-17.499,-15.777,-0.377
53.062,23.005,38.732,25.668,-22.31,-6.764,-6.72,5.983,-23.915,1.91,3.468,12.519
54.165,14.325,70.314,-26.397,10.489,4.523,5.776,5.525,-7.509,1.316,4.827,-8.172
54.138,34.591,39.751,33.299,12.732,-36.211,-12.062,9.706,-6.512,4.292,-8.539,2.961
51.491,58.833,-11.632,27.141,-58.579,-16.922,-22.017,-22.2,-26.528,-26.092,-33.825,8.476
52.92,31.706,41.136,-16.72,22.114,49.789,25.942,6.904,2.18,-15.871,9.189,10.953
50.489,3.396,-11.138,50.945,19.067,-22.995,-8.462,7.63,-5.856,9.908,-30.254,9.565
49.741,11.422,-80.486,48.284,35.501,29.147,-11.351,61.091,5.913,3.045,-50.344,7.474
48.554,-0.574,-44.349,14.411,-16.574,58.489,17.192,-23.555,-30.396,23.634,-8.442,1.205
47.377,109.005,-131.646,-80.454,60.461,-52.026,14.966,20.029,-19.888,-29.142,2.322,-14.054
53.692,73.348,-18.045,7.515,-16.643,24.554,11.434,-15.172,-45.323,23.485,-1.153,8.07
49.848,26.56,24.265,-42.46,-51.768,-5.345,7.031,23.361,-54.226,-11.168,-11.802,12.492
52.765,85.167,-4.367,-11.582,-7.687,22.918,-38.929,52.685,-36.637,8.747,-20.524,-15.312
49.341,-12.051,-28.949,84.912,-3.984,-21.575,-16.931,-21.434,-52.603,11.187,-54.513,16.255
50.826,59.617,-70.403,93.391,-11.261,-34.976,-13.362,16.704,-9.158,-24.411,-7.133,25.552
46.887,89.873,-110.135,-40.011,-1.629,28.398,-19.323,82.33,-16.115,-30.62,37.396,-6.981
53.577,36.463,-2.823,-7.015,5.482,39.616,9.536,3.772,-22.705,65.156,-4.35,4.587
51.679,2.272,9.839,-40.726,-41.545,-17.151,-17.37,-12.842,9.141,0.189,-10.678,-4.934
53.852,27.607,51.947,-56.417,-44.715,-11.597,2.207,17.222,-5.059,-9.869,-4.599,-16.718
55.418,54.569,49.788,16.614,-52.954,-18.5,10.028,-16.117,-26.018,-2.017,-9.2,-17.33
55.551,33.554,40.312,49.923,-1.361,-16.503,25.708,7.238,-13.333,-19.027,-13.426,-3.336
51.724,65.027,44.866,8.616,-29.384,32.354,6.681,2.521,-34.628,6.017,-9.098,-26.747
51.067,52.953,23.441,30.872,-54.668,-16.065,-40.427,3.058,-40.711,-6.909,-1.247,-24.482
49.051,92.628,-13.214,-14.684,-40.879,17.18,-50.352,5.844,-11.647,-26.14,-30.973,-26.626
54.068,17.447,26.841,-8.37,-19.922,-2.152,-8.854,-1.47,-27.373,22.954,-22.802,-32.961
53.068,90.416,41.504,-38.978,-29.168,8.234,-28.482,3.981,-21.383,-2.786,6.998,11.358
52.688,72.942,-31.939,67.826,-16.941,-19.939,-41.563,12.766,-10.242,-25.887,-47.509,5.635
47.242,54.538,-48.253,16.084,-38.813,60.338,-27.968,-2.269,-43.23,-7.703,-21.22,0.539
45.167,160.926,-115.622,-78.917,18.086,-26.825,-0.24,3.597,-17.906,-27.934,0.183,-5.172
54.044,13.245,-11.846,-13.975,3.117,0.524,-11.921,7.412,-30.864,-7.962,-6.736,-19.468
54.428,88.949,17.9,-21.652,-36.765,-7.464,-0.182,27.736,-27.223,-20.222,-1.722,37.083
52.766,38.804,-10.578,59.305,-32.889,-5.48,-17.444,-16.014,-36.237,-5.24,-54.593,6.042
54.765,41.052,25.4,17.88,-4.602,42.977,25.991,35.761,-10.184,-17.971,34.557,-1.516
52.369,83.496,9.335,-30.393,-47.328,-5.038,0.33,26.364,-13.714,3.865,-15.451,18.048
53.454,20.232,32.227,44.702,-1.385,-30.805,-23.88,38.849,-9.11,6.139,-26.546,-15.643
51.442,94.697,-10.406,18.833,-10.118,-0.39,-69.114,30.891,-35.213,6.049,-6.506,-33.998
48.856,-12.616,-36.235,38.471,-23.979,-50.607,-2.444,-8.775,-53.895,12.321,-29.402,9.902
51.832,73.307,-47.85,78.647,-2.558,-46.859,-32.813,23.798,-15.019,-29.051,-21.064,14.101
44.031,70.635,-54.666,-50.693,-7.551,17.842,-21.862,20.257,-38.992,22.189,-52.077,-3.758
49.544,90.768,-13.222,-92.505,5.61,66.776,43.992,-70.99,-31.692,67.839,-35.72,15.102
49.485,-15.35,-42.0,-39.589,-29.637,-22.248,-38.503,11.066,18.116,-8.74,-13.53,3.185
50.805,36.065,-81.454,47.303,-16.1,11.905,-9.921,24.285,-45.437,-26.656,-22.042,1.504
53.465,36.081,17.183,-26.173,-23.622,43.532,4.421,12.935,-61.203,-4.597,9.44,-14.483
51.852,44.58,-8.734,29.642,1.613,43.496,-3.681,5.992,-21.106,-24.901,-27.942,-11.516
50.133,-7.108,48.516,-73.83,-32.492,10.743,52.016,-1.934,-11.622,17.252,-21.682,2.99
53.106,19.89,-12.46,-29.595,-19.88,-0.974,-15.643,17.539,-23.528,-15.474,-26.302,-9.082
53.197,57.306,-28.409,-40.161,5.485,19.02,-9.276,15.659,-9.123,-4.556,-12.843,7.433
52.724,30.362,-22.345,-1.076,-13.455,-2.337,-4.717,26.797,-54.751,46.131,-24.985,-13.581
52.815,29.792,-19.204,-54.477,-19.22,-28.666,-8.322,-17.053,-25.071,15.252,-20.052,-25.768
54.09,8.485,19.927,-14.502,-5.477,-19.627,5.195,-0.937,-4.31,2.552,-21.792,-11.218
49.387,-27.468,-50.201,58.182,-25.147,-23.39,-10.979,4.563,-22.368,-3.606,-38.909,-9.729
55.156,42.073,-13.668,35.609,3.339,-38.474,-4.138,-2.122,8.411,4.314,-19.001,9.367
54.815,43.341,-10.107,-7.779,-21.701,-25.858,-29.204,8.818,-21.887,8.599,-5.796,-38.667
53.558,87.438,-14.292,-41.331,-40.369,-19.535,-30.758,-2.594,-16.108,-5.241,-4.221,0.346
53.273,74.806,-27.096,-31.208,-33.038,-22.12,-35.267,16.276,-24.1,4.687,-17.156,3.116
55.097,117.065,-5.951,-38.265,0.143,18.543,12.429,13.222,-10.105,25.377,-15.441,16.736
56.535,66.315,23.986,43.44,-10.161,-17.045,-1.103,-11.064,-13.071,-5.814,-34.564,16.943
53.651,73.645,18.096,-72.165,3.073,-9.351,1.721,50.144,-2.414,-1.838,-1.055,14.442
56.129,69.272,-4.877,-0.551,-5.472,-7.62,9.649,9.871,-15.541,-4.919,-10.103,-3.204
54.952,108.073,17.798,-6.726,-61.036,-32.42,-0.402,-15.881,-19.901,-1.974,-16.921,-21.244
51.599,43.109,-34.335,-8.015,-67.403,-74.382,-7.13,-11.759,-26.286,16.564,-7.164,-7.952
55.478,65.638,-1.374,25.158,-33.209,6.266,2.348,10.875,-7.083,-9.217,15.722,-16.967
52.908,63.401,-5.659,-20.659,-75.397,-30.013,-6.613,2.185,-7.687,-0.014,-15.439,-11.45
55.025,48.035,-15.063,46.202,-4.284,-45.373,7.555,-5.579,-0.55,-8.495,-32.096,1.614
53.889,62.403,-0.702,-5.591,-47.849,-23.856,3.953,-8.534,-14.883,-9.078,-3.12,-22.386
52.688,58.703,-16.043,-20.286,-43.18,-24.154,16.559,-15.314,-27.514,-16.789,-2.27,-19.431
51.268,20.803,-30.416,-11.793,-32.645,-11.797,9.146,-19.135,-14.953,-19.599,-12.351,-11.884
56.021,67.973,0.836,25.258,-25.873,-42.654,-8.937,-2.577,-11.344,-6.578,-12.888,-4.387
52.873,54.673,-16.75,-9.199,-47.888,-55.263,-4.442,-15.612,-1.741,20.423,-4.612,-11.622
50.995,17.548,-2.681,-17.134,-54.612,-23.126,-1.447,-4.06,-10.615,10.912,-4.357,-24.639
53.529,39.863,-6.353,-4.621,-31.096,20.678,6.509,17.718,-8.077,-23.492,-25.867,-14.366
53.922,87.732,15.72,-13.936,-47.838,5.408,5.984,4.143,-16.34,1.463,13.668,-32.571
54.256,65.136,9.051,-0.111,-49.372,-26.298,-10.659,-3.384,-30.272,-4.082,-10.116,-19.289
53.87,71.122,5.591,-11.555,-56.902,-13.279,-1.885,-4.372,-5.763,-16.581,1.965,-17.75
55.474,63.702,-18.676,32.947,-24.184,-34.567,-7.093,4.054,-17.283,-9.771,-17.69,-0.07
52.922,44.227,-15.578,-12.439,-62.785,-43.037,-7.197,6.236,-15.056,8.93,-7.916,-8.691
53.837,96.14,22.025,-32.025,-57.404,1.991,5.577,-9.555,-1.602,11.001,-2.371,-15.682
56.674,76.223,15.316,26.939,-36.194,-45.774,2.053,1.539,-7.49,-17.584,-13.383,-4.037
54.066,89.831,19.086,-8.43,-55.51,-28.462,-1.688,-7.331,-18.439,1.734,-7.717,-36.944
53.628,54.831,-11.085,2.833,-35.944,-23.701,-11.149,4.792,-22.213,2.058,-13.3,-9.951
54.444,88.006,21.031,-6.724,-45.753,-41.317,-31.609,-9.611,-7.344,-4.378,-7.858,-8.892
53.247,63.462,-8.932,-5.738,-60.863,-43.244,-6.024,-11.022,-9.315,5.329,2.503,-1.14
56.241,74.386,-6.453,24.736,-20.581,-22.861,-5.435,12.053,-13.187,2.197,-8.442,-4.143
56.687,93.119,-14.772,-62.133,-23.596,-26.68,-21.918,47.021,-19.653,7.35,-2.425,-28.111
56.182,106.22,-11.468,21.399,28.783,-33.493,-12.159,28.678,-12.809,11.559,-39.507,-23.237
57.567,72.384,23.465,-18.44,-3.809,8.665,7.204,6.348,-19.696,16.987,8.066,-10.308
56.466,90.759,17.314,-22.989,-40.732,-6.655,-6.71,5.26,-22.703,3.515,-2.152,-10.694
58.002,104.17,23.586,-9.728,-24.576,-37.747,-3.07,-5.26,-31.878,-24.261,-14.489,-19.18
56.587,69.529,26.132,-26.829,-18.057,-32.761,22.089,-13.843,-15.435,9.396,-14.704,4.682
57.049,58.24,28.378,-30.684,-9.188,-27.507,4.422,28.123,16.697,-3.074,-10.301,14.32
53.825,65.116,1.47,-82.618,-33.009,-21.588,-14.695,12.763,-22.708,-2.798,-2.818,-17.934
52.014,86.27,-39.33,-46.231,-11.408,-5.04,11.436,24.84,-34.373,-23.651,-26.862,-11.211
57.681,50.509,17.477,-6.388,-11.955,-6.671,5.334,-5.187,-13.63,-5.426,16.948,-5.609
56.53,55.815,23.491,9.682,-8.514,-37.098,3.856,7.895,-46.181,5.265,-20.252,-11.77
56.448,72.056,8.618,-32.682,-25.772,-0.644,-7.804,21.217,-27.009,-4.961,-1.983,-5.772
56.895,117.3,12.077,-52.553,-51.184,0.117,-28.166,0.261,-12.525,-2.18,-2.211,-15.743
56.874,112.892,-13.416,0.905,-36.884,-24.828,-28.014,-26.288,-2.525,7.579,-31.078,-16.021
56.384,93.642,23.849,-48.06,-41.251,-17.512,-11.386,1.905,-29.493,17.035,-9.948,-21.356
58.186,116.614,15.507,-6.085,-17.542,-8.843,-26.224,-9.341,-23.237,-11.735,-7.427,15.969
55.577,101.575,-29.479,30.743,-14.341,-25.244,-26.039,-11.51,-21.85,-26.335,-26.927,-5.918
55.807,71.822,8.119,-27.207,-6.238,37.437,-1.351,11.933,1.017,-3.922,9.47,-7.057
56.66,107.921,3.068,-19.83,-41.546,-27.881,-21.17,-5.374,-14.577,-2.946,-15.133,-4.29
56.251,70.538,6.379,-8.988,-43.592,-21.073,-33.475,21.174,-30.086,-10.806,-17.952,-42.856
55.69,119.435,15.495,-17.548,-71.357,-31.357,-19.183,-6.665,-0.253,9.918,-9.446,-38.453
56.283,77.595,12.948,-8.816,-47.446,-20.583,-13.914,-2.324,-6.629,11.565,-24.09,-16.413
57.402,85.924,0.759,0.685,-8.716,1.39,-9.898,-16.318,-10.12,13.663,-21.904,-4.145
58.466,107.87,15.804,-10.459,-17.589,-3.785,5.267,-22.365,-0.449,2.038,12.903,19.408
57.131,64.285,7.476,4.906,-34.385,-21.723,-17.339,7.517,-19.09,-15.22,-29.875,3.064
56.4,64.191,19.156,-7.377,-6.21,17.553,9.935,4.364,-22.896,-10.532,-6.962,-8.996
56.816,74.426,28.658,-75.685,-6.635,-14.742,-5.414,8.067,25.418,-4.037,0.221,-4.217
57.831,87.069,7.815,-13.586,-5.369,-13.319,-9.261,11.302,18.788,7.08,-5.574,-4.942
57.955,107.51,13.779,-4.203,-32.629,-21.277,-22.166,30.101,-6.451,-2.179,-1.75,-2.145
55.034,141.188,-49.749,-41.291,-1.666,-36.245,-1.253,3.891,-2.602,-2.727,-18.361,-10.559
55.793,62.274,-15.535,-2.783,-13.467,-11.44,-4.004,1.134,-3.726,-9.43,-13.719,-13.251
52.827,67.716,-14.777,-29.773,-19.385,-33.286,10.965,14.13,-6.306,-15.686,-5.303,-11.537
55.433,80.304,27.25,4.23,-68.013,-41.749,-14.067,-5.368,-12.721,-0.114,-2.449,-13.672
57.056,51.059,30.203,-9.564,-21.067,-14.095,-8.453,20.556,-27.375,8.843,-11.684,-9.194
57.006,29.293,46.151,-20.184,-3.814,-23.643,14.936,20.883,32.656,-10.043,-19.457,2.632
57.899,78.028,21.949,-2.273,-13.591,-2.633,-5.859,-7.577,-8.68,-1.103,-0.375,5.174
55.05,51.93,-6.634,48.628,-38.261,-36.116,-16.746,-7.333,-18.744,-6.481,-10.718,-10.641
54.859,37.634,5.424,-61.795,9.721,-30.76,8.208,-9.22,-19.835,25.25,-1.538,4.326
57.071,38.268,35.862,-17.586,19.64,-32.189,20.791,-4.364,36.541,9.344,-11.022,22.235
57.952,36.652,36.207,3.995,2.959,-18.186,21.171,10.558,9.762,-12.413,0.544,13.18
56.464,43.758,20.615,-5.108,-16.096,-46.981,-4.051,-2.148,6.368,8.932,-6.51,-3.894
54.723,42.489,-15.942,10.119,-29.429,-29.136,-9.695,3.88,9.688,-7.935,-3.895,5.536
56.439,78.752,7.892,26.763,-31.061,-38.055,-8.526,2.092,-14.779,-6.918,-17.706,1.438
53.378,55.678,6.429,-14.595,-51.997,-29.957,-1.611,2.291,-12.696,3.343,-21.006,-22.906
52.433,49.38,-17.191,-9.515,-41.612,-64.328,-9.682,-4.217,-7.334,10.262,-3.014,-26.976
50.987,69.257,-37.592,-29.652,-14.74,-50.713,-8.888,-7.185,-37.358,5.524,-9.492,-17.392
56.849,39.33,36.81,0.384,-9.504,4.715,21.849,25.754,-10.043,-12.248,-5.956,12.455
55.844,50.846,12.835,-47.275,-9.775,-34.777,0.082,-27.067,-27.801,11.488,-4.548,-11.346
57.919,50.816,27.502,-15.645,7.583,-17.204,-16.15,12.398,25.926,3.91,-16.658,-1.739
55.148,67.668,23.546,-49.908,-4.225,-27.477,29.512,-39.717,-5.893,25.123,-14.16,-10.432
56.998,46.161,30.049,8.107,0.893,-24.621,6.249,21.111,19.427,-4.266,-27.453,-17.592
56.654,47.117,19.311,-32.591,14.718,-19.119,11.976,-10.266,-9.317,34.77,1.432,-12.524
58.232,63.634,26.868,-6.863,9.14,-31.495,17.343,0.324,11.498,8.458,-1.284,13.657
57.643,71.338,25.673,-15.057,11.272,-35.846,23.451,7.117,7.375,12.339,-12.812,11.601
57.403,67.215,14.691,-15.995,-11.955,-32.637,4.65,10.838,0.978,-0.427,0.34,7.468
58.433,77.587,24.823,-0.993,0.65,-38.624,3.762,2.607,-12.996,-5.7,-4.878,-0.243
58.183,79.744,35.315,15.546,-7.169,-44.56,12.37,0.322,-12.432,-2.668,-7.445,10.135
58.173,88.239,29.426,1.537,-19.346,-46.785,-0.531,1.291,-0.641,-2.495,-7.581,-3.888
57.47,85.427,17.912,4.719,-15.581,-42.421,-1.721,-4.341,-17.03,-7.623,-15.478,-0.629
57.044,87.669,6.771,13.705,-2.937,-43.947,7.769,15.632,-3.818,-4.762,-16.28,9.754
58.632,116.667,9.063,-47.146,-32.734,-35.249,-23.671,16.216,-27.545,-8.461,7.757,-12.367
58.652,94.406,11.55,25.334,-4.916,-29.21,14.978,13.554,-29.801,1.137,-18.345,26.658
57.151,102.588,23.888,-65.021,-20.099,4.657,5.247,-7.903,-3.448,0.782,-10.106,-18.084
57.392,80.679,37.233,21.641,-33.458,-19.606,14.631,14.701,-33.158,4.067,-35.814,-13.919
57.04,45.315,5.287,-56.237,3.307,-16.627,-0.72,-2.19,13.963,3.008,-3.088,-13.873
58.315,77.142,18.544,13.685,-26.601,-24.24,-0.659,-4.875,-23.537,-9.212,-28.125,-3.081
55.816,79.05,-10.783,-52.986,-23.21,-17.672,-4.88,-27.317,-9.424,-28.212,1.76,-22.648
57.537,38.949,31.492,-18.434,-4.055,-36.422,-18.587,-8.107,2.645,5.858,-19.758,-56.905
57.641,71.389,20.203,-19.766,-2.769,-29.435,-24.833,9.263,4.109,6.352,-17.879,-44.838
57.634,33.57,48.494,-2.978,-17.356,-36.107,17.074,7.471,-29.657,10.098,-3.876,-11.874
59.164,64.675,36.229,23.89,-3.371,-41.533,25.4,-3.643,-13.188,-3.356,-17.946,33.424
56.445,66.961,-7.782,-6.973,-38.567,-43.084,3.564,15.682,-0.596,-5.454,2.196,-0.442
56.965,83.781,-16.94,0.577,-16.91,-12.201,-11.851,9.873,-0.743,0.067,-0.253,-3.283
56.632,104.317,-5.906,-27.411,-60.213,-18.021,-4.062,-6.222,-28.353,43.341,7.935,-13.904
58.246,152.277,16.763,-27.239,-39.098,-23.336,-5.101,3.55,-30.365,-18.501,-7.726,-24.876
58.402,99.701,5.429,22.593,3.336,-24.777,21.237,19.071,-20.019,4.157,-26.762,26.562
57.841,106.198,22.034,-35.757,-20.604,3.559,5.723,-14.327,-16.948,15.481,-14.876,-11.18
54.492,79.517,-33.508,-43.797,-14.849,-41.813,-3.435,6.721,-2.772,-8.017,4.476,-10.341
57.481,29.357,18.447,-27.359,-0.193,-29.089,7.986,-5.047,3.726,23.862,6.109,-19.044
58.405,60.092,20.674,-28.556,1.14,-34.994,0.74,-12.992,25.408,-0.082,-3.705,-18.197
58.311,70.977,7.26,19.137,-15.082,-25.297,-7.739,-6.249,-19.562,-21.156,-30.51,-3.817
56.641,101.246,-2.983,-51.097,-1.795,-12.923,-6.574,-23.291,-1.117,-4.476,-20.625,-15.891
57.207,34.059,49.712,-13.438,-18.427,-22.696,19.224,2.664,-17.3,6.504,-10.523,-15.237
58.156,44.983,46.443,-2.434,-3.754,-14.433,30.425,5.142,-17.178,-24.771,2.386,14.794
57.921,57.675,18.11,23.255,-14.138,-46.221,-2.966,3.358,-5.037,-4.24,-15.61,8.089
57.303,70.626,-0.228,-3.925,-10.186,-2.152,-5.439,15.574,-3.766,-2.293,1.745,-16.689
55.848,112.271,-38.091,-13.776,-17.022,-29.811,-12.058,-23.79,-14.905,19.329,-20.447,4.758
58.026,125.466,9.424,-40.168,-48.876,-25.76,-11.138,12.464,-30.933,25.445,9.352,-14.998
58.856,131.752,-7.235,-5.351,-18.167,-29.936,-18.666,-12.332,-35.965,8.564,-14.531,-7.664
58.052,80.361,13.203,9.369,8.007,-30.968,22.328,17.856,-32.418,-4.493,-30.65,30.737
55.665,104.861,1.203,-61.547,-23.265,6.978,8.223,-10.686,-9.842,-6.219,-27.303,-8.373
57.756,55.417,8.127,-25.92,3.223,-24.85,4.804,-4.399,8.063,10.901,7.957,0.141
58.062,71.82,7.101,1.886,-18.24,-7.723,-12.55,25.762,-15.412,-0.122,6.901,-8.451
57.972,53.514,31.456,-25.953,-14.088,-37.975,-24.99,2.41,-11.825,12.097,-10.606,-64.652
57.247,51.346,11.18,-4.282,-24.228,-63.882,-21.995,-12.862,-4.867,15.495,-20.472,-52.329
57.212,88.442,13.627,-25.273,-18.55,-29.524,-31.922,38.566,5.852,11.053,-4.96,-39.275
57.307,63.642,21.107,-12.251,-21.477,-13.821,5.409,-34.412,-26.387,24.108,-15.526,-11.92
56.876,29.396,66.988,-1.611,-20.368,-32.453,50.955,24.763,-17.058,-0.516,-14.115,23.945
56.313,50.647,5.663,5.332,-42.615,-54.353,-1.239,-2.312,-13.76,-15.025,0.8,-0.05
56.183,60.646,-3.051,-13.06,-23.331,5.653,-12.413,23.825,4.47,-10.232,-7.82,-17.813
57.895,107.243,3.601,-26.972,-48.661,-48.48,-16.458,-13.591,-26.212,20.369,0.085,-9.327
58.017,79.38,20.338,14.599,-15.328,-36.201,13.037,21.555,-8.372,-7.752,-32.996,16.021
58.166,115.694,13.761,-11.156,-19.614,1.641,-1.827,-17.745,-17.404,33.113,-24.274,-5.16
59.043,57.925,20.852,2.187,8.912,-13.214,10.427,-24.512,6.816,1.099,-7.236,-1.053
57.029,29.435,28.669,-33.08,8.371,-34.833,3.162,11.463,7.026,4.966,-7.478,-10.485
56.645,105.736,-25.502,-17.375,-27.548,-23.941,-35.272,32.387,-26.126,-10.053,-12.186,-9.381
55.813,139.934,-29.898,-74.425,-35.681,-16.429,-16.68,-43.462,12.304,3.71,-16.28,2.54
58.256,98.897,1.226,-17.605,4.277,-27.354,-24.059,14.844,-17.951,4.557,-19.194,-40.573
53.588,-7.677,-25.935,61.203,-7.691,-3.357,-2.756,8.154,-37.957,0.044,-68.54,-1.51
41.562,26.619,-95.4,-74.057,-37.975,-35.541,1.314,-2.626,3.249,-5.365,10.673,5.432
46.977,8.465,-74.391,10.313,-36.828,-92.773,-15.987,-44.351,-9.643,25.427,-30.183,13.535
44.255,-85.74,-24.078,7.817,-33.419,-25.199,9.138,-29.505,-18.406,-13.005,-12.98,1.858
52.653,56.924,2.214,41.053,-18.411,11.547,-13.408,0.76,-4.067,-21.104,5.515,-16.93
49.12,37.986,26.694,-2.218,-52.392,-14.118,-21.579,-15.123,-5.054,4.775,5.287,-37.152
48.02,28.902,1.528,4.726,-36.412,-30.94,-27.613,-29.876,-3.776,-13.07,-4.555,-29.713
46.294,44.078,-36.05,-10.578,-11.633,-46.681,-34.426,-27.329,-21.3,8.796,-23.933,-33.114
44.665,-11.182,-66.405,39.133,-50.408,-93.521,-54.437,-53.52,-16.679,16.164,-31.841,0.25
51.781,52.029,-42.047,81.044,6.539,-36.283,-24.28,-15.02,-22.368,-29.961,-35.295,20.682
41.974,-12.448,-101.625,-17.588,40.188,-54.659,-25.477,-38.809,-0.771,19.288,-17.177,10.974
43.393,17.214,-66.545,-67.447,-3.038,-34.021,-34.585,-11.586,10.846,-3.464,9.935,-6.48
47.268,24.59,-108.175,27.83,-14.518,-48.201,-27.661,-3.937,17.894,-4.416,9.3,-18.503
43.781,-52.413,-63.39,-23.984,-17.538,9.749,-7.769,-18.54,6.123,8.866,-21.779,-10.159
48.447,5.887,-29.039,-28.78,-17.638,75.11,1.117,42.32,3.775,-49.618,-18.684,-4.778
47.251,31.972,-34.175,-17.642,-44.793,-37.304,-37.157,-24.983,-20.453,3.056,-5.402,-17.094
46.064,14.621,-65.234,12.437,-20.723,-40.502,-37.94,-46.609,-18.753,-11.39,-13.799,-10.135
45.91,64.127,-90.524,-52.274,14.167,-40.031,-37.818,-28.315,-13.355,-6.088,-3.222,-4.871
44.123,30.579,-77.07,-7.951,6.282,-45.402,-52.144,-20.694,-10.241,-5.099,-7.228,-2.022
44.565,1.473,-96.931,31.46,-25.752,-79.013,-39.917,-32.417,-8.467,23.764,-5.232,6.103
51.717,47.93,-64.285,76.643,-3.386,-44.654,-16.763,-7.493,-8.667,-22.243,-39.396,19.138
41.977,-2.468,-120.356,-51.42,30.032,-83.776,-17.164,-22.066,5.399,17.941,-13.176,13.242
42.518,-11.79,-102.115,-31.796,1.711,-51.683,-26.353,-19.043,10.284,7.99,-0.738,-0.069
42.724,23.044,-77.339,-24.938,6.564,-55.907,-44.496,-33.245,5.157,2.568,4.238,-9.103
47.897,20.181,-77.707,8.797,-26.519,-86.084,-1.835,-30.989,-13.93,20.684,-23.18,18.037
45.418,-42.3,-77.434,16.033,4.979,-52.195,25.2,-48.638,-28.671,1.036,-14.121,6.025
50.875,21.408,-23.263,-12.106,-23.099,56.762,3.348,16.664,6.711,-36.157,3.79,-21.572
47.853,21.559,-11.445,-18.564,-37.264,-19.33,-26.977,-24.179,-4.549,20.663,7.461,-28.657
46.712,16.692,-8.926,-2.556,-31.055,-29.659,-27.168,-28.301,-4.6,-14.808,-2.871,-23.959
46.356,64.82,-44.552,-11.529,-2.493,-48.196,-37.565,-32.024,-14.38,7.928,-18.283,-16.519
45.068,4.408,-84.417,25.762,-34.517,-88.641,-43.137,-33.688,-5.29,13.871,-22.433,-5.973
52.363,60.391,-49.429,88.69,3.837,-32.396,-15.614,1.895,-18.022,-22.944,-38.011,17.052
42.567,32.527,-102.9,-17.876,17.42,-68.548,-2.865,-27.715,-11.662,10.353,-20.418,8.001
41.518,14.029,-88.34,-36.849,-12.763,-59.739,-12.666,-12.437,15.093,4.254,-3.941,7.328
42.393,18.138,-99.916,-20.884,-5.718,-42.799,-27.062,-33.85,4.566,-1.907,-8.376,-1.758
46.094,20.579,-118.695,39.335,-18.71,-83.751,-42.97,-25.784,1.467,18.457,-27.851,3.987
44.609,-27.778,-86.682,13.066,-6.051,0.524,1.787,-66.521,-12.784,5.384,8.785,-14.622
52.618,51.723,-50.301,55.869,-9.902,-5.667,-10.984,-3.658,-14.472,-19.586,-0.221,1.359
48.413,34.693,-17.838,-19.543,-51.791,-19.775,-38.89,-20.339,-33.329,12.484,9.282,-16.249
47.809,15.821,-20.442,-4.331,-25.04,-13.925,-50.81,-28.952,-12.1,-16.728,-0.557,-14.692
46.226,77.221,-51.998,-32.995,-15.786,-44.687,-42.333,-34.065,-28.716,0.593,-7.77,-17.722
45.916,16.934,-51.647,-11.904,1.451,-10.385,-50.595,-15.988,-14.342,-14.927,-19.457,-15.496
45.257,15.526,-87.06,44.293,-36.911,-68.647,-35.565,-41.583,-8.338,25.995,-3.791,2.711
50.559,51.079,-63.643,19.732,19.333,74.02,-17.585,38.51,-1.567,-27.723,35.526,-1.314
52.606,13.536,-10.569,-65.501,-17.743,46.452,23.665,-9.219,-0.359,-7.438,20.907,-15.839
51.93,6.183,-37.797,78.109,-40.815,-13.635,-19.325,-33.659,-27.449,-21.685,-26.91,13.574
51.036,19.114,-39.184,84.757,-41.476,32.398,1.857,-28.639,-18.219,-21.6,-7.411,-16.606
54.862,37.945,32.604,-28.18,-11.015,19.121,13.473,19.914,-17.088,21.937,10.798,-35.9
55.586,45.797,5.12,36.919,-9.569,-21.786,-1.914,-0.79,-11.424,-7.318,-30.802,-4.541
52.786,63.675,-3.268,18.236,-58.742,-35.33,-11.53,-16.443,-25.342,-11.065,-9.594,-11.59
51.256,25.809,4.77,31.24,-15.667,-16.357,-16.891,23.56,-23.381,-11.866,3.79,-5.164
53.876,14.763,35.287,19.516,13.677,6.512,-3.395,-0.347,-25.679,3.261,7.241,-14.723
49.952,39.543,-17.367,67.389,-53.564,-24.27,-35.427,-2.891,-52.181,-24.336,-19.87,-1.937
50.245,53.483,-30.287,-45.024,-60.785,-28.574,-30.885,-22.843,-38.781,9.19,-8.549,7.566
50.925,7.53,8.57,27.321,2.07,-11.126,-14.421,-16.733,-32.616,14.385,-0.687,37.873
55.732,56.885,19.699,36.266,8.26,-26.588,-8.004,-0.295,-7.231,-8.387,-21.152,8.933
49.759,83.16,-24.871,-42.008,-18.204,47.532,6.525,3.435,-26.553,14.84,-65.399,22.355
53.322,31.078,-2.398,67.915,-19.89,-11.693,2.172,-12.128,19.375,5.693,-33.031,22.651
52.502,31.363,-2.795,-63.522,-40.467,-33.767,3.695,-31.818,-21.648,16.568,-27.489,2.889
51.604,66.298,-17.413,-22.802,-86.02,-1.32,-36.368,25.783,-33.555,-41.003,-0.538,-14.582
50.994,23.305,-39.443,38.726,-43.198,21.182,-7.472,-32.94,-6.192,16.801,-64.254,-8.887
54.643,54.938,-15.648,29.093,-11.812,-24.25,12.015,6.282,-7.79,-8.672,-41.36,10.91
50.153,57.357,8.905,-12.775,-61.287,-30.456,-10.72,-15.317,-23.073,6.743,-5.112,-20.601
52.064,49.92,2.065,-33.074,-46.963,-19.96,-27.373,6.623,-41.726,-8.063,2.358,11.403
53.734,68.521,-14.548,11.78,-18.31,-35.854,-58.493,57.831,-24.088,-0.998,-6.164,-36.289
50.399,6.759,-34.205,64.705,-19.156,-39.015,-5.902,-16.54,-36.08,6.103,-23.884,9.012
52.473,72.845,-55.7,78.162,-10.006,-40.278,-9.76,16.109,-14.427,-19.326,-16.488,21.139
47.056,14.737,-73.273,6.551,-41.712,-39.917,-23.824,38.074,-21.546,4.828,31.556,-4.489
50.514,134.899,-47.952,-95.203,-49.861,2.752,-30.894,-52.787,-20.946,31.797,-14.878,4.426
52.712,113.669,-34.544,-29.355,-46.434,-6.436,-60.404,-35.567,12.659,4.016,-37.572,-12.467
52.86,64.604,-10.875,52.6,-45.426,21.173,-7.412,-16.39,-33.018,-17.734,-38.914,-26.504
55.094,46.771,21.937,16.531,-14.223,18.091,14.597,-0.595,-16.156,-7.662,8.76,-10.932
52.431,46.256,31.182,12.306,-51.069,-19.853,-11.137,-6.399,-28.122,5.114,-11.351,-8.927
50.78,32.473,17.547,34.468,-41.014,-34.987,-26.345,-4.075,-29.678,-11.879,4.732,-13.314
53.773,22.426,43.07,27.412,-1.198,-13.772,-12.3,2.484,-34.729,6.138,7.937,-32.182
50.68,67.65,-19.003,23.105,-38.641,5.835,-35.127,9.213,-46.141,-7.035,-29.041,-7.882
54.646,41.994,6.206,77.833,12.189,-3.964,4.974,2.424,-21.577,-12.511,-42.672,4.268
49.126,68.85,-15.898,-37.308,-50.383,50.197,-5.162,-6.255,-42.402,5.579,-42.535,-3.503
49.673,19.518,13.621,-107.579,-16.165,-3.059,16.514,-22.367,-12.241,-1.557,1.43,-2.582
53.735,-9.65,27.805,12.05,-28.099,-27.82,29.818,3.721,-22.897,9.581,-12.375,0.146
51.788,38.502,-31.825,32.619,-23.96,45.565,10.29,23.599,-19.689,-28.263,-2.283,-1.562
50.45,-17.995,-11.253,43.764,-4.659,-15.836,19.911,12.17,-21.366,-8.592,0.769,2.405
52.164,69.194,2.825,-13.781,-14.405,31.698,-31.348,63.906,-18.911,-3.707,9.632,-13.961
49.296,1.675,-12.45,65.635,-15.792,-31.073,-23.989,5.411,-41.323,2.47,-41.13,14.887
54.11,98.808,-34.237,54.515,2.199,-53.359,-24.132,37.548,-5.692,-19.696,-18.615,20.083
45.932,76.84,-79.242,-17.417,-22.008,-36.438,-34.616,0.942,-17.584,3.944,-9.533,13.093
53.933,28.639,9.363,-7.406,-12.571,-9.331,32.987,-2.008,-3.951,24.399,42.6,-1.712
55.256,66.373,58.293,-10.258,-39.717,-31.087,29.851,13.357,1.476,-1.77,-0.181,9.989
53.657,46.86,4.106,67.56,-44.123,0.202,3.615,-17.024,-16.235,-12.41,-62.644,2.438
51.655,68.786,-51.552,-24.31,-22.902,53.293,-20.722,20.605,-7.343,-30.851,-14.825,-9.68
56.782,47.297,39.677,21.897,-9.237,-36.582,20.334,-27.788,-18.134,-0.922,-19.965,-4.581
52.381,37.344,27.617,24.41,-53.763,-27.087,20.057,-3.337,-9.725,-2.712,3.331,7.676
50.977,21.163,-2.56,40.652,-47.364,-51.093,0.432,-8.657,-5.891,-0.686,-30.573,-4.0
52.131,20.929,-10.921,-32.713,-32.573,18.242,18.264,-1.858,1.755,-8.667,22.524,7.709
54.342,42.208,10.588,-34.757,-62.664,-17.785,-16.026,5.759,-15.415,-14.436,-11.662,-4.701
52.927,30.176,-2.549,-33.936,-12.494,-5.381,21.087,24.844,-7.576,5.587,-33.162,5.93
50.731,8.589,-25.927,-40.752,-18.218,14.831,11.894,-24.163,-27.858,21.359,-50.997,-11.403
53.751,6.18,-15.445,-5.849,-2.104,44.147,17.885,7.308,25.255,-23.747,10.428,-3.579
49.74,33.57,-35.271,-63.223,-37.956,-34.993,-8.333,29.387,13.052,-13.37,-2.641,-2.916
53.795,29.688,0.809,9.558,-34.061,-36.879,-5.477,-14.12,-37.163,4.134,-7.651,-39.276
51.818,68.409,17.029,-55.091,-59.113,-22.099,-16.875,7.782,-25.89,-9.123,7.44,-5.333
53.166,95.27,-24.227,-2.658,-42.64,-23.314,-21.962,9.056,-26.651,-9.671,-16.789,10.007
50.984,139.219,-41.821,-42.706,-14.706,-37.758,30.054,1.663,-3.511,5.746,-14.04,24.747
56.624,76.696,8.594,21.327,-4.645,-30.682,-6.12,8.925,-18.309,-10.252,-31.807,8.141
51.09,19.9,-33.828,7.266,-25.027,-56.47,-0.388,-21.305,6.25,22.972,6.554,23.573
48.948,-30.995,-35.371,-7.483,-26.501,-31.235,18.446,-11.651,-7.892,-5.442,-7.251,12.907
55.439,48.455,20.739,23.274,-24.124,-24.3,-15.265,-0.706,-10.37,-8.345,-1.293,-17.826
51.237,42.066,11.193,11.272,-36.826,-19.281,-15.598,1.063,-23.743,18.784,-4.584,-20.33
47.21,28.072,-19.014,-4.347,-21.06,-23.934,-26.469,-35.664,-22.985,-15.924,-6.479,-25.13
45.18,-19.946,-50.583,25.182,-58.726,-100.199,-32.071,-42.958,-27.834,19.042,-25.027,-11.696
51.366,57.833,-52.315,94.061,8.584,-44.12,-25.389,0.623,-14.251,-24.002,-23.353,14.226
41.703,4.919,-69.293,-44.302,-0.442,-48.407,-30.17,-10.176,1.028,4.954,-7.714,7.769
46.362,16.949,-112.029,35.031,-5.209,-77.473,-29.188,-14.918,5.694,32.015,-20.314,18.45
44.014,-60.104,-64.675,15.034,-11.799,-37.62,1.069,-48.537,-21.215,24.721,-13.574,7.327
48.959,9.334,-22.688,-48.048,-3.246,84.429,16.497,33.778,1.615,-46.568,-27.301,2.68
47.798,30.67,-17.657,-17.481,-47.272,-7.133,-27.168,-17.492,-26.429,7.913,11.596,-9.417
46.8,24.635,-28.489,-13.83,-48.353,-7.949,-28.937,-15.28,-10.214,-25.213,-12.726,-9.728
47.177,72.6,-67.491,-21.431,-7.151,-61.144,-40.251,-28.836,-15.057,7.825,-14.563,-0.393
44.473,41.557,-63.062,-21.96,-21.934,-15.829,-41.969,-24.053,-7.965,-20.692,-14.918,-5.497
45.222,5.826,-90.605,32.378,-39.38,-88.373,-34.882,-31.504,-16.532,26.799,-9.318,2.081
52.516,52.116,-55.856,78.262,-2.97,-36.177,-15.599,4.442,-8.723,-20.08,-32.874,21.577
42.386,15.347,-122.77,-43.533,21.884,-70.554,-14.602,-34.239,0.649,18.273,-19.23,7.574
42.471,-4.891,-104.306,-34.855,-0.642,-47.083,-19.639,-12.121,14.923,4.554,-3.041,2.6
42.728,0.618,-82.309,-44.309,-10.111,-44.188,-17.538,-31.91,9.006,-2.071,1.844,-3.321
48.425,30.546,-68.383,20.334,-5.037,-70.774,-2.35,-24.38,6.479,13.143,-4.631,-2.763
44.729,-48.662,-37.521,20.142,-12.819,-47.983,19.298,-57.842,-26.984,25.516,-25.666,3.535
51.923,22.353,7.429,-23.433,-2.532,82.378,13.526,19.843,4.76,-45.188,36.319,-22.857
50.868,37.073,46.584,0.815,-44.824,-23.82,-24.647,-10.057,-12.222,3.013,-2.727,-30.347
49.847,38.932,17.872,10.09,-22.383,-21.723,-27.183,-32.213,-18.152,-19.752,-3.058,-20.518
48.518,61.33,-5.371,-9.282,-6.775,-46.663,-37.169,-24.786,-30.432,-0.114,-15.522,-33.545
46.824,31.95,-11.73,-14.9,-13.512,-17.517,-30.239,-19.838,-19.797,-15.369,-19.933,-35.303
45.231,-3.137,-57.803,11.489,-45.112,-95.817,-26.568,-22.406,-22.922,0.689,-12.878,-9.362
51.052,46.154,-48.67,76.865,20.094,31.304,-17.383,10.233,-14.034,-15.253,14.64,5.531
42.726,-6.591,-101.739,-25.318,3.042,-76.535,-17.622,-42.319,-7.931,19.339,-18.705,-4.061
42.219,-23.002,-91.826,-26.615,-2.856,-63.897,-19.468,-23.646,21.829,14.406,-0.985,4.483
43.492,2.091,-96.325,-9.64,2.22,-43.481,-28.943,-48.697,16.77,-1.056,-5.779,-4.168
46.277,7.813,-111.915,21.271,-16.592,-77.692,-36.773,-25.096,-5.923,17.103,-9.177,-2.15
46.265,-60.766,-58.615,20.942,-18.884,-55.04,1.89,-45.036,-5.383,22.918,-26.761,-21.0
50.408,16.217,-41.629,-25.674,-7.463,76.377,-1.059,32.919,10.027,-56.317,8.101,-10.215
48.585,39.299,-21.818,-18.279,-5.586,-13.994,-29.999,-13.19,-28.039,11.173,-7.519,-11.324
47.303,60.461,-49.047,-18.669,28.174,-52.674,-61.636,-10.577,-18.972,1.404,-0.929,-10.137
45.121,40.366,-46.27,4.164,17.936,-38.99,-55.372,-36.443,-8.273,-3.927,-11.108,-15.288
45.514,8.174,-91.1,22.147,-14.567,-96.093,-55.126,-27.002,-12.036,19.607,-10.594,-5.131
52.142,48.394,-56.882,91.332,8.457,-32.571,-31.719,-2.124,-13.465,-17.657,-24.26,22.78
44.997,57.306,-93.929,-56.874,41.428,-13.311,-33.223,-15.854,7.552,-33.188,2.214,-0.836
52.033,32.514,-41.086,-0.36,-19.096,15.396,-22.483,39.895,-8.588,-11.342,13.016,-15.751
52.295,14.743,-19.331,-25.748,-28.506,49.197,4.324,7.276,-14.934,-24.514,-40.231,-2.426
53.06,29.288,24.467,-35.555,-22.109,76.268,7.935,25.057,-6.859,-40.105,28.063,-24.617
51.502,37.156,20.0,10.142,-46.732,-24.944,-4.965,-8.594,-23.969,8.781,5.015,-22.778
53.467,33.869,30.039,4.858,2.207,7.765,10.601,9.889,-21.615,5.335,-25.892,1.442
49.845,33.198,-32.112,-6.886,-27.607,-28.511,-11.128,-8.187,-20.25,22.904,-52.165,14.787
53.524,87.188,-7.224,6.076,-10.321,49.607,0.787,-2.946,-30.747,9.242,28.2,0.552
49.58,50.475,-34.12,37.074,-24.864,31.272,-8.114,37.48,-31.786,29.212,-14.019,12.848
52.818,43.162,-7.171,-8.481,-38.779,9.466,-17.13,14.272,-20.903,24.413,12.591,-30.379
50.915,92.434,-21.018,-28.774,-84.727,10.736,-58.727,-16.87,-21.892,-26.96,-17.531,-29.256
52.601,-8.775,6.369,46.755,-56.448,-15.945,-0.631,-17.128,-58.416,-0.073,-32.122,-32.42
50.754,-24.354,-20.646,38.229,-32.933,-2.611,-1.524,-1.679,-9.299,-9.402,10.198,-10.424
52.467,6.454,8.789,-51.944,-2.148,39.974,31.708,39.261,-6.206,-23.484,-17.965,3.434
52.286,33.802,-22.121,-6.993,-11.467,27.32,-12.021,-2.329,5.729,-0.561,-21.812,2.77
52.294,46.162,-29.493,49.633,-15.988,-0.248,-40.778,41.041,-33.019,-12.639,0.128,-25.079
49.187,45.978,-52.343,31.508,-42.052,-16.502,-32.478,1.67,-13.002,-7.58,-66.217,17.023
52.879,63.59,-43.806,71.946,-20.013,-38.918,-17.028,17.998,-26.69,-27.435,-30.544,10.898
47.274,40.124,-74.239,-24.661,-44.834,6.501,-30.14,15.93,-13.146,12.595,-4.561,-0.118
53.43,28.979,-8.587,-39.955,-0.542,-12.112,1.224,-16.304,0.98,41.654,-0.774,9.347
51.808,-12.559,-25.854,22.656,42.904,-14.707,10.28,-12.326,38.615,15.896,-49.265,38.531
54.09,38.915,1.776,61.757,-21.69,24.403,2.889,-1.445,-18.984,0.304,-34.517,3.032
55.551,57.502,20.594,7.943,-8.877,23.754,-4.48,6.751,-15.403,-5.409,22.571,-19.264
52.736,78.917,2.246,-10.515,-33.886,-3.756,-24.485,-25.233,-28.681,15.934,-21.868,-7.799
51.679,103.52,6.252,-83.902,-23.79,-4.978,-43.015,-5.037,-32.606,-8.656,0.955,-23.519
51.792,100.582,-46.076,36.069,-22.615,-15.732,-50.793,8.111,-39.818,-3.53,-47.31,2.977
53.608,79.706,-13.141,26.111,-9.785,45.601,-15.21,25.352,-31.656,-2.227,4.333,8.147
51.275,36.612,-9.953,-31.261,-18.475,32.489,1.417,5.478,-47.61,32.688,-21.359,-3.742
48.444,46.451,-81.185,-13.724,12.23,-25.225,-34.422,71.933,-9.378,-20.99,-24.702,-3.277
53.696,42.113,-9.206,-9.411,1.01,21.203,31.663,-12.91,-19.744,50.733,-21.529,19.03
51.973,18.017,-38.344,6.463,36.151,29.158,19.214,46.822,-24.358,27.055,-38.817,7.098
54.741,70.854,-31.603,37.897,-9.231,-22.693,-16.84,19.943,-18.229,-11.398,-26.03,6.445
50.744,74.588,-8.578,-23.534,-1.722,-26.964,-30.732,26.675,-32.172,-20.413,-10.385,-14.779
52.198,67.661,3.542,9.23,6.029,7.562,-68.466,62.872,-17.289,-0.37,-3.159,-30.449
49.345,-17.23,-31.13,65.597,-23.696,-42.826,-3.74,-18.009,-34.039,10.041,-47.251,20.498
51.925,83.497,-40.709,44.318,13.933,52.585,-8.953,55.656,0.067,-13.231,41.197,-3.285
48.29,76.021,-60.97,-40.654,-4.516,30.09,-24.375,2.469,-30.747,27.82,-39.192,-1.506
54.73,55.769,0.561,-21.983,-29.474,25.217,13.549,-14.221,-20.264,19.816,36.528,-15.932
55.143,27.814,39.315,-0.549,-42.02,-23.76,32.31,-4.839,-20.335,-8.124,-13.05,1.499
56.25,35.867,39.339,4.153,-14.403,5.128,35.799,20.284,5.183,-26.685,-26.317,7.767
52.212,-0.036,21.896,37.613,-24.109,18.443,19.984,33.295,-21.744,-14.283,-37.86,18.422
52.135,-2.676,24.578,-57.729,-33.023,12.573,40.125,-1.267,0.062,-6.796,5.024,2.112
53.636,12.531,-22.656,-9.04,-10.2,-56.42,4.816,5.769,30.908,17.861,-10.841,22.192
55.983,46.499,-18.416,36.513,-26.464,-27.137,-3.109,5.937,-18.215,-4.917,-15.815,-9.211
48.89,62.433,-52.966,-44.418,-41.753,-28.968,8.547,11.658,-19.878,-32.225,4.262,-14.772
53.797,15.291,0.567,-28.583,-28.952,-42.09,11.947,-20.981,-15.659,21.055,-16.559,-14.614
51.976,-6.643,-13.276,30.696,-17.837,-18.556,-0.733,23.832,-8.344,-0.351,-54.525,-0.384
53.941,39.877,-27.383,-9.996,16.125,56.953,13.498,33.318,15.033,6.226,22.042,-6.881
55.016,73.033,3.367,-31.353,-25.399,-24.104,-14.322,17.243,-23.996,20.071,-11.54,-30.638
54.081,96.522,-4.974,-44.252,-36.095,-22.93,-10.963,9.632,-21.851,9.993,-15.096,-6.876
57.461,93.11,7.156,13.195,2.915,2.437,10.224,16.403,-7.846,19.212,1.338,-0.855
58.462,79.412,28.505,10.258,0.935,-45.82,10.947,-10.561,1.065,-3.623,-17.222,-7.042
56.069,48.508,4.449,26.666,-2.823,-42.322,9.147,-0.821,-14.314,-19.235,-20.771,17.965
52.824,43.507,-3.228,-2.872,-14.691,-74.845,12.784,-9.306,-10.646,19.236,-11.811,17.861
56.155,105.374,-6.487,-53.675,-28.716,-27.893,4.166,9.207,-14.257,-18.146,-19.89,1.557
56.492,77.348,-3.376,4.815,9.053,-11.99,-11.194,9.016,-15.561,6.44,0.263,0.326
55.643,69.207,5.214,-9.797,-31.546,-3.2,-20.351,-8.663,-18.428,0.077,-8.271,-20.294
53.597,49.666,-28.591,-11.272,-47.579,-26.949,-2.421,-6.006,-12.165,-16.432,-5.225,3.263
55.363,36.913,-21.547,-6.522,-6.315,13.744,-7.468,9.785,-12.076,-8.017,-2.894,-9.413
53.835,54.193,-9.399,-24.415,-56.806,-3.292,-1.971,23.708,-12.881,-0.254,6.998,-6.754
53.393,66.324,-0.111,-19.78,-78.395,-15.918,-26.373,4.408,-24.643,-4.959,-16.599,-16.056
55.102,54.447,-11.505,13.936,-16.558,11.675,3.574,4.827,-7.411,-2.042,8.576,-10.654
54.089,62.034,-1.183,-17.255,-55.963,-26.644,1.664,-7.063,-20.154,-7.583,-4.548,-14.981
52.905,72.15,-34.443,-23.309,-46.97,-38.085,-22.874,-6.447,-36.06,-8.483,0.028,-15.915
53.861,56.958,-2.863,-17.212,-59.172,-7.933,-17.272,-9.622,-11.261,3.803,0.011,-30.305
55.444,58.641,-15.365,31.689,-21.601,0.097,4.215,-3.293,-7.006,-7.079,1.066,-10.046
51.16,33.842,-19.664,-14.114,-41.13,-39.381,-14.636,-0.313,-2.994,0.663,-1.918,-24.18
52.082,57.403,-42.888,-12.369,-25.074,-44.448,-11.585,-1.298,-6.546,0.155,11.681,-7.091
51.431,41.735,-11.287,-51.755,-7.365,-33.239,-22.351,9.889,-21.414,2.623,-4.869,-7.268
53.35,50.735,-12.105,-32.913,-31.752,-32.156,-31.833,1.747,-22.65,3.697,1.402,-16.496
55.728,64.543,-22.733,13.373,-11.026,-10.184,-9.218,3.082,-19.985,-4.944,-1.268,-3.487
54.803,51.145,-21.327,-17.259,-16.826,-33.658,-9.307,7.936,-23.515,0.276,-5.736,-8.613
52.133,29.198,-51.384,-14.772,-21.748,-64.712,-24.468,-12.777,-12.48,11.522,-3.116,-5.552
51.703,34.905,-47.645,-60.249,21.971,-35.518,-22.851,-2.585,-4.013,-0.217,-3.1,-3.899
56.202,50.726,-26.649,22.919,-1.536,-40.998,-22.028,-0.189,-9.989,-0.111,-11.048,9.406
51.812,30.638,-37.802,-10.543,-37.422,-59.659,-8.132,2.64,-12.952,9.437,-0.253,-4.201
55.533,56.772,-30.278,40.263,-5.204,-45.784,-10.442,-1.38,-10.07,-18.027,-34.063,14.892
53.29,36.322,-14.616,-13.689,-20.11,-30.715,5.098,-15.801,-32.331,2.602,9.535,-9.54
53.097,40.231,-29.536,-13.039,-17.56,-50.139,-16.625,-2.733,-19.453,-11.31,-7.087,-0.094
51.729,35.168,-36.724,-53.503,-17.943,-18.724,-10.236,3.879,-15.487,-3.637,-21.98,-5.155
51.592,17.938,-33.262,-15.51,-39.719,-55.097,-9.876,-8.746,-25.921,5.08,1.468,-8.913
55.46,68.673,-19.396,28.17,-6.317,-25.354,-3.345,11.572,-12.579,0.818,-0.855,3.593
52.196,63.407,-34.025,-39.892,-36.643,-38.874,0.765,3.517,-22.497,-4.299,-3.305,-2.105
56.284,41.046,-6.191,-41.823,-2.68,-26.465,17.012,25.462,-0.813,3.007,16.13,-9.753
57.833,103.543,-16.433,-27.956,35.567,-41.7,6.448,5.617,-3.513,1.445,-16.515,0.137
56.876,119.797,-9.367,-10.441,-22.517,-25.925,-29.619,-23.233,-14.382,-16.169,-23.0,9.167
57.992,100.614,21.852,-17.399,-29.433,-43.328,-11.731,19.026,-14.528,-15.731,-1.482,2.878
57.317,103.335,-9.606,-7.048,-18.611,-21.147,-18.692,-16.141,-39.344,1.619,-32.842,-7.313
57.022,90.793,24.151,-61.677,-8.182,-20.32,5.258,14.309,-25.537,2.326,-13.975,4.841
58.298,91.022,10.496,-16.267,-6.964,-20.411,-19.216,7.752,-20.959,9.591,-10.105,9.819
53.685,42.622,-35.714,-7.72,-35.927,-25.403,-7.709,-8.955,-11.435,-10.964,-8.51,8.612
54.737,36.945,9.791,-76.171,-16.95,-11.154,-3.141,21.851,-28.837,1.255,-7.697,10.985
55.593,45.665,-11.961,-19.204,-13.624,-7.657,-19.16,-5.758,-21.133,-9.533,-20.818,17.921
55.395,66.544,-20.717,-36.408,-37.925,-1.334,-2.747,-35.026,-13.359,4.74,3.87,4.46
57.935,59.075,48.143,-30.906,-19.998,-11.437,3.453,17.982,-0.525,-11.44,-1.484,11.493
57.0,57.508,20.197,35.424,-1.322,-30.751,-6.527,12.796,-31.012,-11.32,-41.697,19.921
56.513,45.455,-1.512,-9.34,-4.395,28.011,17.563,1.583,-12.325,1.652,2.273,1.391
54.441,88.395,-4.226,-56.541,-49.306,2.975,-16.109,20.763,-16.549,-18.568,11.567,-14.899
56.236,125.924,-3.389,-7.019,-56.495,-40.783,-17.775,5.283,-22.267,4.642,4.684,30.938
56.535,88.202,0.548,-30.949,-29.953,-25.33,-40.086,16.912,-21.788,10.366,-20.976,-15.967
56.117,77.783,-7.393,-28.623,-19.629,-9.564,13.846,-44.592,-26.149,15.404,-13.906,-2.76
56.979,71.326,-14.01,31.997,1.303,-45.98,-6.158,1.552,-7.889,-13.662,-19.703,6.787
55.289,89.885,-7.43,-68.012,-48.647,-13.178,-2.51,7.999,-15.376,-11.219,6.382,-0.989
57.142,98.696,15.78,-8.792,-29.112,-14.511,-9.055,-21.68,-19.554,0.244,-23.761,8.047
55.659,46.508,18.646,-30.474,-14.942,-16.437,-11.22,29.448,-30.032,-17.992,-21.577,5.941
56.028,62.668,30.793,-71.721,-5.492,-8.315,16.808,17.503,-5.835,5.392,-2.068,10.195
58.112,79.725,9.475,13.258,-4.895,-37.509,33.465,11.521,-20.424,-4.357,-25.94,8.881
57.203,95.011,-1.043,1.268,-36.398,-19.8,-14.727,-15.939,-40.262,-2.228,-22.006,-4.352
55.2,59.255,9.971,-42.443,-14.289,-18.729,-19.967,15.368,-21.639,-7.987,-21.792,-7.64
56.77,88.495,-2.779,-25.666,-48.386,-28.04,-10.282,-5.159,-27.766,-5.847,0.536,-1.575
57.976,77.669,33.85,-33.042,-31.322,-7.352,4.435,24.661,-29.579,-11.601,-11.693,4.274
57.326,67.428,7.745,10.785,-24.044,-11.461,-15.844,-9.437,-28.39,-11.571,-21.695,17.701
55.806,24.541,2.812,-2.259,-30.437,-14.669,-12.141,-0.628,-25.186,12.485,-17.288,-1.634
56.731,92.958,-6.35,-12.145,-48.689,-5.441,-24.444,-15.543,-7.763,-17.562,0.37,-11.035
58.075,73.387,13.408,5.133,-6.934,-28.132,9.014,1.527,-2.387,-0.688,-9.884,22.137
57.947,89.14,8.651,-4.154,-16.501,10.764,0.414,-3.326,-11.618,-23.618,-18.405,0.021
55.299,76.907,20.409,-73.767,-38.901,-28.098,-3.369,9.082,-10.468,-19.425,10.946,-13.734
56.96,95.65,3.599,3.856,-25.543,-16.155,-35.886,-7.293,-26.537,2.17,-28.349,-6.511
57.532,49.602,27.93,6.383,-10.556,-17.829,16.164,-17.248,-25.949,-11.59,-5.608,4.544
56.425,84.461,-27.965,-43.788,9.284,-32.254,10.047,20.307,13.14,-19.817,-10.358,13.2
55.281,117.147,-35.333,-51.772,-1.105,-25.856,-8.662,-8.174,-20.582,-3.724,-10.822,-2.994
56.431,73.733,-17.916,8.276,1.991,-50.882,-10.429,-5.017,-15.274,-7.433,-17.142,8.618
55.078,51.398,-11.212,-42.828,-3.702,-21.666,-9.088,2.293,-19.669,-0.01,-4.863,-9.74
55.299,45.083,-9.725,-28.124,-7.064,-28.788,-3.46,-6.195,-11.155,-1.802,-5.241,-10.02
56.7,28.032,15.13,-8.894,5.731,-16.473,-10.739,23.971,-23.574,-4.017,-25.06,-2.512
56.075,35.654,7.938,-54.353,-6.471,-14.201,2.026,-5.039,7.692,13.485,2.223,16.057
58.256,73.964,13.977,1.692,-16.194,-15.06,-13.754,-13.59,-8.309,-4.975,-13.92,16.191
56.28,45.247,-10.42,27.749,-7.159,-44.018,-34.682,-3.451,-23.438,-2.431,-2.708,2.253
55.833,29.974,2.197,-56.839,11.967,-28.819,-9.727,-11.85,-14.934,18.445,2.353,2.58
57.003,28.354,29.086,-21.499,15.352,-33.353,14.738,-9.342,35.424,10.733,-7.281,25.048
58.025,46.576,28.168,16.133,5.771,-33.171,22.377,-6.064,5.594,-8.868,1.738,10.315
55.474,15.245,-3.464,6.695,10.516,-47.534,4.512,-2.635,-11.459,-7.418,-5.401,3.976
52.916,30.343,-29.849,-10.258,-14.623,-29.621,-4.227,6.738,-4.816,-9.325,-6.884,3.483
55.89,67.069,-3.63,17.587,-20.468,7.713,-2.306,4.272,-16.857,-5.142,11.318,-6.889
52.726,37.11,-14.808,-14.292,-22.172,-27.781,12.019,13.904,0.166,-12.146,-1.676,-6.993
53.141,35.327,-7.647,-47.289,-37.585,-22.681,0.012,16.462,-4.747,-6.916,5.21,-15.842
53.813,47.446,1.731,-23.719,-23.082,-38.885,-26.609,12.976,-23.761,-7.913,-10.456,-4.059
57.796,53.281,33.376,6.409,5.635,-5.404,10.707,9.517,-25.203,0.307,0.851,18.197
56.016,36.126,19.534,-44.172,14.615,-19.127,-6.772,-1.439,-25.028,-1.622,-18.875,-9.783
55.807,64.58,2.343,-49.698,-10.054,-29.349,4.354,-37.093,-10.899,11.931,-3.891,-7.138
58.024,28.531,56.304,-8.986,-10.226,-40.582,15.618,-3.485,24.178,18.435,-10.699,-5.414
58.081,47.843,12.793,14.238,5.925,-48.001,-13.852,-3.415,-7.331,-4.086,-16.516,4.387
56.171,41.26,-8.258,-39.809,16.808,-26.258,-12.003,-22.033,-2.929,0.644,-5.339,-5.399
56.697,15.833,13.628,-25.591,37.899,-44.212,11.334,5.083,20.27,7.293,-0.509,16.298
57.794,47.81,13.02,-0.059,32.034,-23.583,26.195,-1.331,16.344,-2.687,-8.435,18.946
57.315,47.152,15.349,-22.104,16.892,-39.41,18.829,-0.525,-4.803,7.597,-11.746,8.429
57.564,56.202,32.475,-27.307,40.556,-36.51,9.197,5.385,3.865,1.591,4.118,25.95
59.064,68.96,30.693,-4.683,22.084,-39.407,-7.308,0.175,-14.511,-0.576,-0.044,6.37
58.422,64.418,24.567,6.635,21.907,-46.643,1.988,-1.704,-17.51,-3.432,-2.478,18.15
57.733,61.64,15.904,22.508,7.324,-47.977,-10.166,-3.921,-16.253,-7.427,-11.868,15.552
57.365,82.897,16.504,12.035,-2.507,-48.214,-2.316,-1.388,-13.995,-14.415,-15.934,5.172
57.512,83.735,12.973,8.457,-9.532,-31.528,4.805,10.362,-8.337,-4.262,-5.415,2.443
58.273,121.764,14.978,-44.749,-30.115,-35.33,-4.669,-8.535,-23.363,14.991,3.338,-5.811
59.792,85.303,16.729,8.812,-14.78,-10.368,-13.267,-8.379,-20.957,22.013,-17.027,-2.672
58.653,59.588,23.991,-43.765,-11.547,-9.769,-2.826,-10.737,11.393,5.838,-11.923,-31.764
59.415,75.788,22.167,12.83,-27.558,-17.757,-4.179,-4.366,-19.36,-10.949,-7.326,-9.536
57.633,106.334,-1.102,-44.217,-34.467,-29.934,-0.632,-42.339,-16.658,-17.374,-14.448,-18.238
59.033,52.253,27.106,-9.238,-21.598,-31.966,-28.956,-13.135,1.727,-1.737,-15.735,-50.867
58.908,71.059,21.893,-37.377,-1.967,-29.559,-27.623,12.97,13.046,1.747,-11.76,-44.321
59.319,89.28,23.747,-12.933,-9.425,-20.419,17.983,-35.577,-23.65,21.038,-10.707,-12.984
59.714,59.44,37.445,9.921,4.578,-25.403,27.66,1.102,-16.924,-8.425,-5.728,16.356
56.372,68.259,-7.477,-23.179,-10.798,-30.794,15.027,13.629,-13.481,0.703,-16.504,13.154
59.1,87.455,-10.865,3.228,-15.692,-33.768,-16.767,9.869,-8.623,-6.659,-4.696,-8.711
58.061,141.284,3.176,-49.758,-39.678,-3.54,-13.297,-7.231,-17.243,18.961,18.807,-15.64
59.351,99.41,18.223,13.228,10.36,-20.936,9.287,17.443,-24.751,0.476,-22.836,25.772
57.572,97.966,32.584,-73.91,-0.424,20.45,9.685,-11.362,-8.024,10.984,-6.894,-16.271
58.993,90.606,49.368,13.126,-16.28,-21.068,1.969,4.018,-22.578,-0.57,-29.29,-12.387
58.042,21.844,24.205,-17.023,8.248,-25.354,20.94,-11.692,2.686,23.94,5.161,-2.641
58.68,38.1,42.945,-25.86,10.556,-32.161,0.041,14.679,23.471,-3.183,-4.729,-13.568
58.871,62.781,6.941,35.076,-6.125,-35.194,-6.495,-9.588,-18.017,-14.626,-26.847,-3.59
57.341,112.214,-0.04,-58.138,-4.347,-17.558,-1.196,-13.408,0.608,-1.848,-15.529,-18.367
58.332,60.917,38.977,-21.642,-14.09,-28.431,5.322,-14.215,-23.807,24.066,-13.424,-20.615
59.512,72.877,42.787,9.542,-5.392,-41.937,16.452,-3.506,-17.712,-10.358,-5.885,16.214
58.886,57.459,60.78,6.276,0.896,-14.795,30.272,23.844,-12.938,-7.948,-9.508,13.182
56.932,73.954,22.56,-14.025,-15.61,-27.224,7.336,5.579,-11.8,-12.822,-17.069,-3.708
55.236,65.352,-6.806,-18.947,-48.627,-30.046,-11.17,2.228,-6.522,-15.511,-10.744,-13.196
57.597,72.433,-1.796,-9.449,-16.735,-9.496,-14.428,22.096,-3.271,-13.247,6.493,-7.669
58.116,143.534,9.464,-49.103,-35.957,-14.344,-22.979,1.726,-35.89,39.421,8.158,-12.364
58.601,96.575,9.833,7.342,2.198,-10.761,10.301,13.582,-15.719,11.007,-30.755,17.032
59.056,82.056,21.841,-11.697,-15.671,-9.231,-12.477,14.02,-20.835,15.032,-31.783,-5.9
58.303,54.148,27.872,-35.974,13.729,-16.026,18.655,19.484,4.398,16.072,4.297,3.163
59.173,62.341,21.25,-3.492,33.259,-34.126,15.803,-12.688,13.948,6.785,-20.027,3.228
58.663,84.91,11.524,6.222,-6.029,-9.09,-13.151,28.517,-7.981,1.691,6.269,-12.054
57.995,57.377,28.341,-36.045,-16.466,-25.725,-26.839,6.673,-15.781,5.661,-7.225,-54.482
58.937,78.07,24.218,-9.275,-4.932,-48.786,-30.571,-6.902,0.967,32.529,-12.645,-43.094
58.557,66.402,35.412,-20.338,-18.209,-32.189,4.598,-10.976,-29.749,30.009,-11.898,-9.613
59.543,70.916,22.108,27.262,-4.143,-37.244,11.363,-4.016,-14.148,-10.032,-20.848,12.376
57.201,58.073,-3.336,-2.266,-5.471,13.175,9.898,20.696,20.35,-14.679,-1.203,-16.092
54.872,105.022,-10.698,-16.264,-28.736,-25.231,7.804,15.252,-14.237,-4.57,-17.254,-7.319
58.006,78.521,13.333,-18.493,-47.21,-40.44,-20.594,-13.29,-31.934,8.668,7.169,-16.206
58.775,139.118,22.146,-20.654,-50.64,-23.029,-16.514,-14.723,-22.959,-6.072,-1.396,-11.523
58.523,93.717,15.118,27.711,-12.317,-14.005,7.409,5.575,-13.953,4.041,-20.704,32.99
59.617,91.183,29.206,-4.457,-6.6,-16.135,-9.36,11.666,-19.807,16.993,-10.097,-6.357
56.567,68.298,3.789,-66.211,5.922,41.691,17.713,-30.036,-1.676,31.804,-33.517,2.66
58.162,83.616,-7.005,-8.432,14.985,-40.714,-14.454,29.57,9.93,11.212,-24.196,-5.394
56.633,149.712,-17.863,-66.047,-18.517,-13.938,-12.235,-35.76,-9.865,23.972,-25.729,-10.267
56.583,49.17,20.855,-26.384,-34.131,-22.814,7.914,-29.265,-33.329,27.142,-21.149,-12.078
53.781,-12.633,-19.057,64.855,-7.225,-18.002,23.978,15.515,-22.067,-12.847,-53.249,18.742
41.978,85.244,4.809,-20.597,20.282,-27.647,-15.768,3.202,-4.39,-21.667,7.975,22.112
49.486,49.183,-24.882,-14.733,-62.461,-21.974,14.076,-19.383,-26.645,30.928,42.389,6.575
53.014,64.037,58.603,16.653,-68.425,-29.549,25.595,-23.125,-23.525,-9.677,-30.223,-0.657
52.799,54.295,-30.758,57.703,-3.038,-47.167,3.013,-4.707,-17.65,-27.735,-17.412,11.274
51.091,63.396,27.634,-64.926,-55.488,5.101,7.471,31.914,-24.391,-19.564,-5.095,-16.071
49.615,53.92,-2.662,7.505,-87.035,-52.392,-27.082,-13.515,-36.521,4.066,-12.74,-24.356
53.368,17.765,0.993,33.283,0.005,31.609,18.676,-5.52,-5.462,-18.451,14.919,-10.724
49.306,17.711,-57.749,20.277,-35.003,-55.931,-14.805,-6.006,-16.922,10.244,-4.254,-11.645
45.55,20.095,-34.918,-94.761,-3.165,-1.025,6.055,43.125,-10.422,-8.156,-43.857,-0.095
46.119,59.094,-13.839,-100.583,-14.816,-1.147,8.596,-14.993,-23.095,2.659,-18.512,-6.143
47.076,75.272,-45.358,-25.848,-27.412,-54.899,-12.081,2.367,-45.522,-0.768,-16.66,-31.911
45.932,73.993,-59.382,-23.26,-32.54,-55.586,-12.51,-11.733,-28.891,-2.711,4.407,-12.526
44.282,32.097,-102.294,4.067,-60.955,-110.273,-35.398,-4.4,-22.148,9.542,-21.021,3.288
50.782,60.683,-70.544,76.37,-15.442,-8.054,-20.073,34.454,-10.328,-13.246,-12.737,-2.628
47.358,61.531,-1.914,-107.465,-46.294,5.241,13.159,-8.44,-8.391,12.604,-23.01,-2.094
52.113,77.576,-43.4,66.431,-9.345,-43.743,-5.309,19.151,-11.189,-26.451,-13.743,10.336
50.809,73.358,17.017,-81.344,-45.238,31.894,23.591,14.423,-29.099,-9.448,-2.727,-15.48
53.815,36.205,11.275,59.838,3.811,-16.221,22.339,1.634,-0.895,-10.824,-9.293,1.699
46.807,19.122,-81.457,7.978,-22.265,-101.962,-11.316,-2.476,-1.231,18.608,-34.69,-5.171
52.783,76.028,-29.464,59.915,-11.471,-48.015,-0.79,25.632,-15.014,-19.722,-23.669,12.229
47.097,72.038,-34.956,-37.067,-23.401,-10.687,2.893,13.358,-36.016,-3.504,-22.057,-11.754
46.052,49.319,-63.729,-12.917,-40.595,4.629,2.03,-6.785,-23.478,1.254,-13.918,-8.896
52.456,41.198,-21.246,19.896,-3.257,40.823,-1.579,-5.005,-22.846,-6.769,22.182,-0.114
54.773,52.311,39.846,4.797,-63.951,-18.572,19.479,-22.478,-26.099,5.395,-6.29,-16.309
54.312,38.066,31.486,2.792,-65.575,-51.732,12.341,-14.806,-22.934,3.111,-15.898,-11.63
53.115,39.237,34.429,-11.202,-44.101,-26.931,-6.061,8.263,7.821,-12.312,-14.547,-27.115
53.644,35.91,-21.905,27.183,-28.706,-13.605,-4.32,-13.656,-6.03,-6.527,-41.337,3.536
48.292,7.065,-80.634,-11.702,-19.719,-82.304,-16.931,-14.462,-9.945,15.931,-15.992,-0.437
46.331,8.065,-95.094,-65.913,20.877,-35.095,-12.557,-1.946,0.288,-12.684,-1.702,-18.599
55.005,54.073,-0.724,3.372,-11.994,15.893,-6.543,-6.371,-12.199,-2.996,27.514,-3.196
53.546,4.303,4.308,-9.362,-28.494,-19.962,22.957,-24.487,4.069,2.662,-3.092,-5.401
56.021,65.727,14.091,16.364,-45.839,-25.32,9.668,-18.061,-22.031,-16.797,-17.266,-7.415
51.922,15.405,-41.392,4.786,-40.049,-48.806,4.42,-20.748,-24.422,7.93,-4.139,-8.681
53.934,41.842,11.192,-50.53,-48.342,27.072,18.21,15.116,-6.38,-6.234,6.22,-12.443
55.256,36.425,6.629,26.989,1.651,-45.792,0.933,-18.016,-9.475,-17.738,-15.8,16.433
50.089,38.378,-33.761,-46.832,2.983,-35.09,-17.203,29.093,17.752,2.296,5.549,25.985
53.767,103.532,-1.527,-25.535,-74.993,-15.026,2.418,11.352,-26.368,22.723,16.893,-3.137
54.833,126.36,8.424,-13.968,-47.267,-26.805,23.74,4.699,-25.299,1.075,-14.119,-16.728
53.692,82.396,-16.698,38.751,-6.578,-26.554,-8.927,17.019,-21.992,-15.702,-5.254,-0.322
51.451,93.132,24.139,-70.019,-65.62,-3.07,-6.828,27.362,-25.1,-10.905,-4.349,-21.199
53.805,114.276,27.959,-53.678,-62.077,-42.14,-18.116,16.212,12.723,0.668,-0.306,-26.363
54.543,77.692,13.654,47.502,-22.302,-4.069,-21.787,15.554,-0.437,23.688,-31.971,-6.719
49.153,50.025,-48.242,13.327,-65.282,-49.495,-13.678,-10.375,-20.294,6.818,11.108,-23.514
46.04,59.63,-39.56,-29.683,-68.118,-39.163,-7.747,-7.722,-43.12,-2.357,-19.29,-36.067
50.253,80.018,-46.955,48.124,-11.383,13.675,-7.962,34.255,-1.72,-16.134,21.686,-16.236
45.138,80.399,-39.79,-39.558,-36.756,-24.227,9.162,-8.249,-35.433,10.026,-12.847,-33.968
44.813,109.129,-72.478,-29.082,-39.313,-36.715,3.698,-12.489,-35.645,-8.11,-15.768,-29.076
42.536,63.848,-67.798,-34.691,-54.007,-25.019,7.027,6.737,-51.816,-1.089,-22.678,-11.833
52.246,72.19,-31.648,70.874,-18.041,-4.04,-9.343,22.65,-15.438,-17.389,-9.058,3.68
43.413,68.858,-93.302,-65.749,-21.76,-47.058,-1.643,-3.935,-35.342,14.846,6.268,6.176
52.009,34.93,-2.424,3.445,-55.483,14.57,24.999,-7.217,-15.156,-4.605,-6.504,-4.043
52.801,71.457,-35.469,66.623,-1.123,-24.183,3.096,14.424,-4.915,-14.443,-10.506,17.748
50.24,91.516,33.85,-100.617,-67.044,16.031,27.978,11.279,-52.31,-19.725,-3.969,-9.012
54.59,97.294,38.747,-22.412,-36.85,-48.567,2.091,-7.345,12.694,-3.915,-10.597,-14.939
53.455,61.284,-18.421,83.324,-2.929,-37.224,-17.903,14.551,-12.926,-23.356,-42.348,10.902
52.123,110.231,25.49,-30.84,-69.656,40.658,17.93,-7.646,-16.396,6.765,-25.985,-5.092
54.699,90.755,32.615,-22.325,-91.126,-12.624,-6.845,-10.707,-24.344,-4.032,-20.867,-32.684
55.196,66.647,11.904,37.587,-23.995,-41.562,-1.531,-8.755,-16.921,-18.469,-19.372,-13.652
50.866,38.862,5.34,-10.928,-44.319,-33.14,19.021,-3.668,-24.26,-2.646,-18.898,-31.816
48.427,54.419,-39.126,-34.713,-24.067,-31.947,11.747,4.138,-12.044,-13.967,-10.529,-37.334
48.332,28.774,-86.892,21.27,-27.289,-44.959,-5.286,-12.425,-12.73,19.838,10.864,-10.779
53.124,69.455,-45.224,67.886,-10.592,-17.105,-8.665,7.936,-17.506,-9.666,-23.934,12.873
45.228,51.762,-88.692,-45.612,-35.371,-48.016,-2.251,-10.162,-4.349,0.191,8.544,21.881
51.201,91.648,-6.998,-108.569,-58.366,-17.025,17.051,-4.678,-30.779,1.301,-0.007,1.807
57.271,93.71,15.86,-2.719,-55.357,-30.778,-0.551,8.272,-4.931,0.481,5.184,2.773
54.356,108.372,22.115,-20.745,-57.96,-26.843,13.096,-16.086,-2.522,-0.22,-21.533,-9.497
55.251,52.1,31.1,17.42,-42.82,11.224,3.322,-12.717,-12.016,-1.354,-17.369,-19.833
52.139,63.956,-23.016,-8.789,-68.716,-75.446,-24.779,20.533,5.474,-2.911,-6.906,-8.06
51.834,114.606,-9.982,-52.866,-79.346,-9.884,-23.831,-19.701,7.073,2.301,-15.971,-20.245
54.23,43.403,1.109,-66.347,-32.398,59.712,25.895,17.2,-3.98,-9.324,-1.598,-9.545
54.569,84.429,25.192,-19.714,-84.805,9.924,22.743,4.054,-36.846,-9.205,-3.899,4.206
56.03,107.777,31.263,-24.913,-70.765,-12.492,9.338,-6.198,-1.739,-8.298,-2.93,3.919
55.249,57.548,39.147,-3.354,-37.726,-6.383,9.002,4.739,-12.478,-7.654,-34.761,-15.926
53.901,93.82,23.751,-1.507,-95.217,-39.302,25.362,4.803,-53.891,6.835,7.068,9.719
55.072,122.207,21.176,-29.137,-88.529,-14.239,8.184,24.265,-26.781,-15.575,0.114,8.456
55.654,94.223,13.034,-19.433,-69.688,-25.423,10.64,3.202,-36.895,-4.13,-6.148,7.509
55.056,55.704,-14.571,22.632,-45.168,-14.852,-7.078,11.124,-25.079,-13.302,-13.522,-1.407
50.553,33.287,-36.758,-13.783,-52.781,-26.925,-3.778,-9.315,-19.194,5.071,4.164,-15.323
55.193,81.131,36.543,-11.122,-50.147,0.211,11.546,16.406,-12.916,-8.437,27.053,-19.547
54.634,76.701,29.593,16.737,-50.631,-17.936,-19.14,9.48,-25.476,1.494,-32.209,-24.613
49.831,29.299,-60.156,-19.449,-47.098,-44.975,-7.867,7.024,-18.364,-16.155,-4.906,-16.535
52.603,50.438,13.113,-58.387,-58.194,22.328,27.953,4.302,-20.139,-15.996,-7.684,-9.509
56.366,52.443,-2.462,18.93,-20.718,-12.07,12.277,6.487,-23.627,-23.777,-0.801,-7.565
54.868,61.982,12.9,-21.688,-40.314,2.681,25.551,2.077,-10.547,0.225,-6.907,-1.487
55.064,108.549,14.992,-26.104,-70.271,-16.708,14.87,10.06,-33.21,-11.521,10.091,-2.209
56.447,90.575,0.057,28.222,-0.064,-36.9,-12.592,18.675,-9.442,-17.097,-17.696,18.099
54.792,131.343,-2.986,-18.964,-88.019,-11.871,-5.486,-6.494,-30.515,-6.646,4.746,-12.387
54.159,171.552,-40.066,-57.85,-23.05,-28.126,-16.584,2.929,-31.264,-19.433,-8.281,0.974
55.402,179.742,-32.682,-29.53,-58.449,-18.473,-16.035,-5.585,-21.5,16.689,-16.027,-1.505
56.644,108.717,17.126,-16.644,-40.474,-2.359,8.035,7.738,-38.09,10.149,-9.302,-7.642
55.995,121.074,2.039,-35.408,-55.401,-28.043,2.276,10.011,-25.258,10.47,-5.828,1.25
55.572,131.134,1.209,-16.804,-56.014,-17.028,7.18,-7.132,-37.084,5.253,-10.69,6.582
56.466,90.101,17.105,-6.785,-27.043,1.145,7.838,12.258,-18.589,-2.2,-18.187,3.919
55.256,101.649,19.99,-34.714,-45.541,-44.368,6.506,2.384,-32.268,12.437,-6.682,13.539
55.934,121.915,-8.53,-35.396,-37.817,-57.418,2.256,21.309,-24.104,-19.612,-9.557,-6.828
55.988,174.908,-14.857,-23.225,-9.285,-25.245,-6.358,5.316,-37.514,-8.55,-19.685,-4.738
55.972,131.315,-8.927,-29.21,-18.392,-11.63,11.796,-7.557,-44.221,17.564,-2.872,-9.934
57.157,85.348,12.831,-19.052,-25.548,-8.95,-1.443,23.628,-14.528,1.392,0.819,-4.231
55.852,104.247,-13.715,-18.722,-52.678,-58.161,-26.805,-1.848,6.243,12.884,-9.842,-30.541
56.108,119.449,4.669,-30.129,-42.155,-22.283,-12.875,-1.385,11.971,8.335,-15.644,-20.885
55.84,101.273,4.5,-13.024,-65.098,-44.538,-23.877,9.274,-16.112,-4.755,-2.011,-14.802
54.915,90.681,12.916,-26.993,-46.982,-15.161,-6.52,-18.849,-11.899,2.621,-25.67,-5.976
52.516,118.397,-0.795,-0.295,-94.596,-50.001,-2.259,16.077,-18.358,-0.848,5.967,12.811
55.305,138.86,22.045,1.671,-45.777,-23.883,23.979,4.547,-21.095,2.609,0.091,4.707
49.09,80.655,25.561,55.927,-39.842,-25.833,14.772,-16.418,-17.249,0.342,-34.459,0.918
40.045,-29.399,-52.588,-1.091,-50.549,-45.86,-9.448,-10.082,-2.849,-7.098,-22.322,6.121
39.219,-85.638,-25.925,-63.854,-37.541,17.908,-0.888,-13.292,13.496,20.802,-39.642,-7.334
40.462,-110.88,-42.581,-6.432,-48.503,-41.657,8.448,-1.642,18.786,8.34,-14.64,-6.831
38.047,-89.619,-31.873,-36.764,-74.809,-10.224,14.946,13.714,0.36,-18.713,-17.713,-8.774
40.523,-49.735,-39.255,16.146,-59.596,7.722,-5.873,-29.842,-5.339,-1.443,-11.353,-15.344
36.373,-103.459,-56.633,10.52,-37.836,-43.523,-1.5,-34.479,-7.776,18.286,-18.336,13.758
32.376,-159.166,-81.451,-2.95,-51.32,-44.721,4.109,-11.612,0.874,-1.734,-30.347,6.588
32.076,-155.141,-51.057,-113.151,-41.52,26.344,28.401,12.01,14.701,-21.89,-2.274,9.687
42.788,-35.663,-18.258,-27.9,-66.598,36.475,17.854,-6.519,3.956,-7.683,18.482,-16.675
41.702,-30.941,-39.119,15.912,-64.061,-18.05,-28.687,-11.094,13.57,-4.326,-10.449,-25.914
35.884,-50.256,-43.514,-4.171,-51.546,-46.203,-41.219,-12.054,-12.447,6.786,-19.439,-7.906
35.582,-91.931,-73.741,11.263,-24.576,-24.022,-10.27,6.949,1.11,-2.408,-36.175,10.462
31.379,-156.057,-55.2,-93.606,-31.294,33.662,15.275,-3.421,23.881,-10.474,-47.826,-12.009
35.708,-129.094,-69.028,-40.439,-37.523,23.656,10.518,1.216,42.313,-13.236,16.045,-14.185
39.043,-60.689,-47.398,-40.708,-74.37,18.908,9.8,2.021,5.329,-13.596,2.018,-13.79
41.412,-49.418,-29.172,28.412,-35.004,19.741,-14.714,-17.518,6.567,-14.503,-10.642,-28.705
34.144,-127.833,-34.461,0.182,-41.666,-47.253,-31.247,-27.015,-20.363,7.45,-14.922,-18.799
30.941,-71.942,-35.935,-27.648,-50.93,-46.143,-15.741,5.837,-20.168,-31.133,11.111,-6.423
34.452,-141.788,-54.583,-20.722,-36.972,-48.065,-5.448,-17.819,-11.257,4.52,-14.451,-9.894
32.602,-128.785,-70.628,-63.457,-1.729,-28.971,-1.747,11.396,-8.161,-29.035,-15.999,-23.964
47.401,106.973,-61.81,-73.575,-11.273,1.541,-24.701,13.182,6.845,-21.464,9.035,-11.924
51.91,16.621,-21.516,26.14,-27.853,6.778,15.413,-33.04,-18.865,14.648,-54.076,11.949
48.279,82.142,-28.849,-92.375,-24.813,-8.214,-7.409,15.819,48.05,-21.832,14.044,-3.328
54.847,26.595,40.721,10.517,-14.91,-9.568,16.675,29.389,-0.788,-2.151,-23.376,11.408
51.157,71.063,8.561,-58.028,-32.167,10.718,-3.691,-5.284,-5.327,-8.587,-28.397,-0.511
54.137,61.209,37.412,-10.563,-49.813,-18.564,-16.466,-19.054,-7.843,11.109,-3.313,-18.291
53.477,45.999,45.558,7.344,-17.744,-16.108,-19.546,-2.279,-15.265,-3.945,-16.876,8.831
54.388,50.439,34.052,5.544,1.117,7.123,-4.276,-5.685,-39.243,27.447,-14.943,-0.696
50.331,15.188,-20.828,83.186,-22.958,-21.083,-29.141,-8.458,-0.959,14.521,-35.821,3.593
53.698,61.619,-20.744,78.542,8.593,-8.083,-17.363,0.449,-3.681,-14.547,-48.573,17.22
52.021,65.791,24.059,-32.209,-14.467,34.151,-4.877,-0.071,-22.645,20.34,-6.084,16.039
53.774,77.416,7.785,10.001,-49.685,10.343,-30.005,-5.234,-13.579,-4.577,-14.15,8.072
54.246,36.351,-6.973,18.067,0.065,-4.553,-2.384,8.257,4.58,14.307,-15.562,10.658
48.31,38.338,-55.23,-69.189,33.097,35.451,11.099,-31.929,0.761,25.854,-64.28,7.812
53.196,62.357,-27.968,35.623,-17.754,25.543,-11.583,16.982,-5.131,-18.753,7.758,-9.924
53.562,74.663,22.933,-25.321,-40.868,-3.583,-34.686,-2.768,-32.718,-0.145,-4.951,-15.508
53.362,64.574,3.042,1.884,-20.039,-32.041,-64.628,41.428,-21.106,1.916,-14.555,-28.865
49.714,27.315,-52.293,46.689,-24.827,-32.362,-20.236,5.82,-28.37,5.499,-18.695,11.975
52.425,67.463,-44.791,49.706,-8.743,-7.1,-6.587,20.372,-17.477,-6.653,10.997,18.444
44.36,68.843,-113.356,-6.54,-10.017,-62.501,-13.325,-6.078,-29.375,-2.623,-17.519,25.771
49.572,42.716,-51.297,-25.763,-12.841,63.259,-18.502,12.348,-9.715,-8.198,-22.514,0.303
52.527,67.368,-44.928,26.337,-5.704,5.678,-10.836,12.825,-10.299,-1.374,-48.495,7.541
51.069,33.931,3.437,-66.416,12.021,26.136,12.724,15.541,-10.72,14.682,-37.945,-3.062
45.89,89.938,-88.013,-49.246,42.47,-56.16,42.672,8.944,-47.033,-21.288,6.532,-13.046
55.412,43.003,-1.885,43.272,7.104,-7.778,15.05,-1.068,-18.589,-4.157,-12.926,-0.829
53.146,85.725,-4.417,-35.66,-8.312,44.834,6.9,-28.411,-35.558,25.81,-2.195,-15.559
54.441,69.829,20.519,14.126,1.099,-1.968,-20.652,3.675,-44.749,23.424,-38.867,-20.571
48.692,47.322,-53.793,15.203,-48.564,-42.877,-35.601,0.412,-36.961,-8.272,-36.347,-13.138
49.89,88.802,14.137,-90.224,23.024,16.163,23.418,-65.356,-30.387,-8.8,-8.572,-12.757
48.992,27.173,-27.828,41.682,-16.265,1.044,-32.437,-4.184,-12.772,9.877,-44.395,-13.587
43.969,73.503,-79.998,-39.238,-22.235,-40.066,-10.699,4.86,8.346,-8.597,11.306,4.764
49.485,85.435,-74.536,-28.764,-9.297,44.414,-17.268,-24.075,-17.282,23.926,-65.563,4.817
46.445,10.014,-51.97,-56.768,-15.536,14.43,-1.066,6.802,-11.494,7.425,-15.869,-12.285
53.376,22.764,-17.774,17.82,-15.303,35.046,11.225,-1.378,-6.416,-6.51,-6.765,9.966
48.273,-12.582,-71.445,61.296,-30.004,-8.048,8.006,0.635,-32.884,-12.876,-6.141,7.253
53.889,64.201,-27.783,39.712,-32.266,5.817,-17.001,8.797,-17.802,-12.568,-11.351,3.474
52.952,26.047,21.483,35.722,1.033,5.988,3.159,11.835,-19.917,9.229,-10.984,-13.183
52.793,79.955,1.184,10.942,-2.881,15.509,-40.867,51.799,-30.002,-20.884,18.38,-11.608
49.932,31.988,-38.8,0.574,-34.482,-31.359,-17.024,-28.431,-36.472,9.717,-52.746,4.371
54.168,100.406,-27.513,48.002,6.699,-36.137,-27.121,28.192,-15.086,-16.629,-15.066,3.598
46.246,98.325,-78.452,-53.415,-18.615,-17.945,-23.325,-7.608,-7.098,19.006,-28.893,22.065
53.601,63.56,-0.905,-53.784,-4.297,-13.806,35.493,-20.017,-9.761,35.517,26.675,-13.905
54.285,14.719,6.811,39.838,-11.06,-11.652,30.535,-29.204,-4.261,-8.833,-6.528,37.8
54.521,30.748,33.681,-29.674,-6.048,10.72,18.431,42.75,14.933,5.568,0.387,-2.123
52.19,32.494,-15.614,1.431,-50.264,-1.723,-16.492,8.39,-44.863,9.453,-16.271,2.006
52.738,92.091,-72.69,-44.924,-6.146,-3.225,13.318,6.334,-32.449,-2.026,-7.352,-7.782
53.665,33.826,-0.212,-22.913,-40.662,-31.448,-11.931,19.819,-25.012,15.74,-9.426,-32.668
51.484,5.511,-54.277,-4.59,-9.841,-17.302,8.533,0.066,-19.109,3.722,-17.822,16.866
53.781,17.911,9.357,-50.994,4.079,-6.84,9.21,47.839,5.462,9.107,-17.306,5.06
52.036,40.822,-45.464,-6.076,-14.121,-25.709,2.94,12.242,-7.579,16.524,-26.168,5.12
53.87,78.398,-3.084,-56.383,-20.58,-0.043,22.413,-18.803,-5.8,10.645,8.784,-8.002
52.042,48.574,-33.171,32.005,-7.264,-41.938,-1.17,16.369,-34.248,-15.297,-25.292,-1.948
56.471,88.358,-21.521,10.362,17.352,-10.768,-9.466,21.483,0.547,7.599,1.77,0.17
56.01,97.188,-3.961,-47.97,-12.755,-16.666,-18.338,29.505,-13.726,6.045,-1.263,-15.674
55.518,109.521,-18.078,-22.28,-20.187,-21.285,-23.919,2.254,-26.213,1.61,-14.637,-7.345
56.65,103.765,10.933,6.531,-7.579,-47.45,-4.87,11.7,-5.736,-3.716,-7.741,1.438
58.264,82.179,24.336,-14.383,-14.396,-31.712,-6.072,-3.896,-1.143,7.924,7.52,-6.523
57.025,55.279,11.676,37.442,-2.264,-28.241,13.895,-7.505,-9.606,3.343,-30.821,16.765
52.483,28.157,-30.923,2.328,-10.077,-55.566,29.963,-3.312,-7.503,19.692,8.339,16.288
54.896,67.85,-12.985,-33.767,-40.946,1.056,-5.872,29.407,-0.427,-19.426,14.686,1.826
56.758,120.571,-10.631,-35.899,-21.439,-18.478,3.495,-5.928,-32.385,-3.431,-12.157,-7.811
56.796,68.615,-16.514,7.237,4.292,-28.064,-9.913,3.101,-5.985,-2.647,-0.192,-0.149
56.357,77.209,16.788,-6.952,-43.195,-27.407,-19.153,-1.091,-13.438,-9.86,-6.75,-9.549
54.619,49.824,8.354,-19.569,-47.49,-21.938,-18.417,0.246,-32.013,-0.905,9.008,-15.248
56.342,58.493,8.714,-1.926,-25.101,-8.535,-27.523,4.897,-12.44,-11.029,-17.648,-7.206
54.033,59.868,0.926,-38.034,-51.079,-58.062,-3.052,-13.05,-14.929,1.511,-7.625,-8.457
53.643,67.817,-7.768,2.179,-27.482,-44.898,-29.219,-27.815,6.897,8.726,-13.931,6.839
56.46,75.891,-11.084,16.788,-13.154,-30.484,-12.89,5.228,-7.085,-7.093,-1.623,5.429
54.468,75.602,7.586,-15.364,-68.863,-23.632,-22.501,13.427,-26.115,-6.623,-4.816,-8.915
54.392,87.038,8.347,-11.059,-41.598,-16.642,3.565,-8.703,-6.641,6.526,-1.428,-19.498
53.387,52.246,-17.821,4.779,-47.288,-21.057,-0.958,-7.973,2.178,-7.425,-21.947,-5.027
52.558,27.533,14.482,-28.305,-47.297,-36.213,-13.368,0.804,-14.855,6.346,-6.103,14.494
56.249,84.839,-0.21,34.779,-14.561,-46.119,-11.895,1.487,-4.182,-12.804,-22.965,-1.88
54.266,74.166,-22.599,-29.083,-26.383,-29.056,-19.306,-11.328,-11.886,8.763,0.885,0.838
56.344,78.996,-11.814,0.528,19.438,0.576,-18.639,8.94,-3.236,1.818,9.386,6.761
54.734,62.236,-13.167,-44.54,-9.385,-16.528,-23.244,-0.34,-16.29,7.716,-10.742,5.125
51.13,35.7,-10.515,-57.786,-10.027,-29.477,-32.585,14.507,-21.46,-7.056,6.993,7.348
55.651,52.661,-22.115,-0.881,18.759,-3.006,-25.803,2.818,-1.526,-2.73,-1.685,4.777
53.455,43.032,-33.135,-11.629,-29.362,-37.862,-14.392,-11.132,12.604,0.3,1.484,-12.064
56.032,68.73,-19.074,28.441,-3.731,-22.181,-6.723,1.078,-16.424,-4.66,-4.638,2.551
52.56,44.675,-7.549,-28.98,-36.085,-32.018,-3.417,0.698,-18.093,3.577,-10.903,-14.631
54.39,56.104,13.0,-12.934,-56.42,-26.777,-29.042,-10.018,-24.194,10.461,-10.105,-6.224
54.613,66.22,-5.124,-25.419,-10.339,-35.814,-4.507,-18.557,-13.907,-4.275,-3.729,-26.294
54.464,57.998,-2.909,-28.362,-44.255,-33.543,-11.187,0.474,-0.284,-10.297,2.545,-1.949
56.095,62.383,0.092,11.063,-15.748,-15.351,-6.483,3.93,-5.768,-14.753,1.879,4.495
53.853,83.781,-5.343,-34.974,-36.193,-23.331,4.292,7.95,-18.184,-2.824,-11.529,-22.775
54.354,78.984,9.219,-36.522,-27.315,-16.439,-12.616,-4.406,-22.641,-1.272,-5.92,-5.295
56.869,82.775,-1.147,-61.622,-22.729,-32.895,-17.499,29.898,-21.868,5.483,9.0,-20.885
57.696,102.67,-3.203,5.913,30.088,-33.958,-15.222,13.414,-30.455,5.787,-26.744,-11.796
58.495,69.213,18.036,-12.983,4.302,-10.595,-2.016,-7.042,-28.581,0.564,6.985,-7.058
56.209,93.953,-3.387,-31.912,-31.438,-12.147,-15.103,2.833,-10.948,-18.015,-18.241,12.871
56.228,82.102,0.518,-34.913,-37.529,-16.987,-31.472,-3.205,-9.551,1.017,6.797,7.561
57.479,89.143,21.402,-30.706,-33.945,-10.047,-8.344,-5.664,-27.159,-12.533,-4.819,-6.641
58.375,91.792,25.756,-28.54,-19.966,-20.484,-6.35,0.949,-33.855,-17.211,-5.111,18.943
58.653,72.046,24.441,-7.282,3.432,-34.015,2.978,-0.635,-12.089,-12.925,-15.022,8.027
56.857,67.481,7.978,-13.814,-12.586,-28.409,-10.421,6.148,-12.688,-7.436,-19.563,29.238
57.026,50.362,17.102,-27.078,-25.103,-8.46,-23.612,26.731,-18.384,-19.737,-6.782,-11.826
56.057,95.41,8.371,-22.786,-39.074,-6.846,-17.405,-3.692,-27.637,0.041,-18.263,-16.946
55.234,82.333,-1.729,-28.669,-4.347,-19.581,-14.323,18.922,-37.258,-5.373,-15.038,-10.575
58.174,64.553,29.384,-0.318,-5.089,-21.667,-7.26,-5.814,-19.255,-0.513,-12.557,-7.59
57.101,67.133,22.628,-12.225,-27.46,-25.181,-21.483,12.648,-24.991,8.408,4.109,-4.1
55.847,103.497,12.279,-48.66,-48.737,-0.643,-19.763,3.247,-15.61,9.744,8.471,-13.41
57.635,93.454,0.822,17.762,-18.329,-28.184,-19.828,8.993,-2.118,5.4,-7.293,-14.015
54.858,102.164,-4.245,-37.783,-47.251,-38.926,-18.91,10.189,-29.019,5.823,-1.618,-13.627
56.868,99.922,-18.962,-19.326,-21.931,-33.715,-11.322,-5.942,-34.438,10.937,-7.54,-17.295
56.734,90.222,9.405,-15.843,-19.27,-24.122,-6.113,0.924,-42.28,-10.918,-16.838,-5.315
57.579,104.036,28.153,1.186,-0.703,-7.122,-14.208,2.218,-32.401,-5.036,-3.524,5.128
57.736,85.061,30.263,-6.549,-6.065,-4.504,1.826,-4.522,-35.728,-0.467,1.195,20.375
57.237,84.996,5.297,-21.616,13.283,-25.518,-1.524,26.387,-39.508,-13.34,-21.831,6.7
57.04,66.055,13.534,-16.47,-27.628,-10.243,-17.972,0.962,-37.367,-0.809,1.306,9.588
57.045,86.931,13.098,-22.265,-25.801,-11.496,-23.292,16.251,-26.576,-21.722,-16.635,9.611
55.541,59.672,8.527,-41.405,-2.679,-12.862,-15.892,-3.095,-4.18,-3.845,-20.971,9.661
56.735,59.943,2.516,-38.858,7.671,13.645,-13.063,-2.561,-12.598,-11.85,-15.033,-1.584
56.6,39.437,7.504,-16.077,-20.445,-8.051,-13.802,12.763,-26.753,0.149,-18.757,14.459
55.997,64.056,5.457,-50.444,-25.389,1.455,-7.533,15.612,-24.842,-5.259,-3.04,-6.375
55.492,112.362,-9.421,-21.789,-25.997,-16.83,-12.715,-11.554,-49.682,1.308,-20.755,-12.423
57.739,62.218,22.899,-10.63,-14.905,-1.259,-10.178,-0.986,-11.019,-9.7,8.582,-11.627
55.027,100.126,-5.311,4.552,-50.264,-14.566,-17.472,-25.52,-33.859,-7.914,-16.292,-3.568
55.847,56.036,16.701,-36.247,-27.482,-9.686,-1.486,5.551,-28.789,10.272,3.144,-0.759
57.57,102.334,23.498,-10.166,-49.992,-4.589,-32.154,-0.871,-35.019,2.964,12.852,-23.862
57.024,101.636,11.096,-4.893,-34.721,-12.033,-27.797,-0.256,-8.679,3.321,-13.537,-15.771
54.659,80.289,-12.19,-64.424,-41.103,-32.763,-4.355,20.003,-5.147,4.899,-3.187,-4.404
56.429,134.815,-28.347,-28.6,-3.848,-29.29,-16.781,-10.651,-19.246,-2.291,-20.643,8.213
57.771,78.623,-4.451,-4.538,-9.822,-27.472,-25.608,6.449,-14.224,-3.338,1.079,-5.686
56.738,85.384,11.279,-23.49,-23.924,-9.273,-3.169,3.028,-14.29,3.526,-18.02,0.576
57.587,52.522,11.651,-7.925,2.937,-18.692,-9.732,17.555,-21.768,0.046,-19.642,-3.817
56.619,41.136,16.838,-49.159,-6.819,-41.089,-3.28,8.296,5.354,35.218,-19.436,12.514
58.265,71.758,12.183,0.548,-6.937,-29.874,-19.597,-3.821,-4.749,-6.563,-17.577,2.785
56.892,43.072,17.518,-45.734,-10.439,-25.481,-10.87,-3.489,-9.761,10.815,-0.786,0.934
58.226,51.074,21.305,12.291,8.608,-27.618,17.085,-7.404,9.462,-9.185,-3.375,18.935
55.418,14.202,16.103,-11.078,0.886,-34.41,18.338,-0.781,8.955,4.472,-0.071,-4.533
55.945,61.108,-15.226,-23.672,15.475,-42.811,23.928,-5.542,9.264,-4.038,-3.782,-2.085
55.556,47.89,-10.966,-8.684,-24.074,-32.073,-10.721,2.229,-2.549,1.189,-6.712,-0.477
52.816,29.515,-8.361,-46.405,-26.245,-30.107,2.705,10.791,-13.499,-3.042,-4.606,5.236
57.459,75.099,-3.15,18.878,-8.215,-57.852,-2.842,1.131,-9.718,-4.278,-18.058,-0.492
55.15,88.395,-13.891,-32.229,-33.524,-37.605,4.274,6.78,-23.557,1.566,-9.155,-6.345
56.314,116.308,-35.901,-49.657,8.151,-44.907,-13.337,-10.367,-26.167,-4.953,-7.389,-14.22
57.924,41.131,30.358,-12.215,9.296,-23.594,14.786,27.613,-17.382,9.953,-14.151,14.948
56.802,49.228,16.264,-47.563,-8.931,-27.142,-4.078,-16.671,-30.216,7.669,-6.605,-3.099
58.973,43.022,37.069,-4.011,1.55,-35.599,-9.674,-12.81,-3.21,-4.685,-10.958,-0.044
57.905,71.493,3.986,-0.298,13.31,-55.243,-21.334,18.736,-9.952,3.532,-13.921,-2.932
57.595,36.159,31.347,-26.799,-1.017,-18.052,9.658,-12.364,-5.764,28.685,-6.465,-7.628
58.256,55.664,21.67,4.493,6.218,-27.787,-11.073,10.532,1.577,-13.728,-0.17,-1.338
57.226,26.405,23.971,-21.407,13.118,-33.921,-5.034,-5.527,-4.651,20.407,-0.815,5.763
58.954,63.209,29.871,-3.556,10.502,-43.55,12.222,-8.289,-0.299,-1.526,-12.322,8.497
57.93,48.135,32.647,-10.439,7.298,-32.398,13.833,13.609,6.875,7.955,-6.243,16.281
57.983,75.219,17.496,-6.935,7.927,-34.175,7.287,6.174,2.496,-0.828,-6.43,18.641
55.839,75.277,14.166,-24.283,4.367,-20.892,7.025,12.415,-7.734,-0.446,-19.619,6.803
56.583,67.756,0.648,-1.08,-12.411,-9.278,6.363,10.13,0.801,-1.346,-5.917,0.613
56.006,64.468,27.854,-25.933,-12.561,-5.196,2.914,5.817,-1.559,-7.912,-18.973,-5.552
55.692,58.098,-8.896,16.644,-28.866,-52.738,-1.733,-5.563,-7.779,-7.747,-9.292,9.308
55.599,85.535,10.862,10.183,-19.623,-17.901,9.266,22.322,-2.64,-13.003,20.105,-3.644
57.221,100.221,-5.552,-14.323,-39.752,-14.452,-1.134,-14.294,-18.48,-0.45,20.51,-19.547
58.854,147.493,22.855,-43.43,-32.394,-20.803,-14.753,-3.912,-45.545,-14.853,-8.619,-15.377
59.124,102.466,11.478,10.66,12.068,-23.015,1.412,1.153,-23.91,8.564,-17.918,33.656
59.686,96.337,32.073,-14.879,0.423,-3.898,1.988,-8.093,-8.743,2.475,2.487,-7.364
57.503,76.194,18.165,14.566,-29.716,-13.093,-14.985,6.015,-39.068,13.644,-31.235,-10.198
55.649,61.351,12.352,-92.131,-2.8,-23.181,2.347,-11.046,-4.667,23.913,-10.851,-14.517
58.739,98.767,15.553,10.154,-11.144,-41.154,-14.207,1.874,-9.96,-5.172,-17.709,-4.42
57.793,119.046,-2.267,-52.418,-16.087,-21.669,-11.623,-20.504,-7.202,21.133,-13.442,-24.045
58.439,101.648,17.119,-24.156,0.195,-22.818,3.586,-43.514,-43.502,15.12,-9.313,0.842
59.695,76.46,39.877,15.679,14.864,-40.069,24.217,-8.991,-14.682,-11.17,-9.285,16.104
57.707,87.72,10.275,-8.46,-19.489,-31.387,8.739,27.738,-4.159,-17.312,-0.893,9.287
57.67,89.89,-0.992,-11.106,-10.328,-4.138,-4.152,25.568,-1.923,-1.592,2.296,-3.962
58.592,131.246,17.066,-42.92,-32.652,-28.873,-30.215,1.434,-37.163,47.372,15.014,-6.587
59.429,86.476,24.798,4.392,2.145,-20.599,-3.226,17.24,-25.135,0.288,-17.165,19.864
58.561,86.377,16.521,-21.931,-18.602,-10.968,-12.945,8.702,-25.92,14.939,-28.179,1.801
58.851,47.745,23.709,-16.511,3.01,-34.267,3.543,2.262,-2.025,19.367,-3.28,-9.01
58.76,72.16,25.669,-1.185,13.167,-38.044,-8.957,28.107,-8.157,-4.513,-13.051,-2.645
58.204,80.617,-0.082,26.951,8.448,-29.918,-17.434,3.307,-8.727,7.017,-17.961,5.114
56.374,119.416,-6.684,-50.69,-22.519,-17.036,9.885,-35.189,-11.505,1.421,-26.184,13.815
58.639,92.791,17.065,-28.315,8.279,-21.877,-21.988,0.502,-26.584,-3.799,-17.853,-52.696
56.416,137.964,-22.062,-47.326,-32.132,-33.003,-8.793,-19.448,-8.376,18.923,-9.966,7.939
58.348,55.983,54.778,-19.78,-4.041,-31.799,14.122,1.736,-14.377,5.782,-11.532,-28.127
59.473,85.758,51.633,10.547,0.011,-43.174,14.687,-4.272,-17.176,-10.822,-0.944,22.05
58.383,69.673,58.649,3.971,-17.231,-23.717,35.863,5.28,-13.326,-4.675,-17.105,21.787
57.915,113.328,1.84,-19.296,5.243,-34.524,9.489,-4.184,-21.778,-19.293,-0.394,4.67
58.088,82.311,0.199,19.674,-1.761,-14.029,-15.477,-1.723,-3.218,1.892,-10.447,-1.484
55.612,82.025,12.78,-51.98,-26.712,-8.503,-6.483,28.219,-6.51,-1.438,-13.205,-2.136
56.822,107.261,-9.194,-51.315,-32.157,7.814,-5.239,-44.043,-7.649,1.291,-13.135,-7.007
58.966,135.48,27.625,-34.714,-35.04,-18.76,-28.116,6.829,-31.213,-23.84,5.176,-20.73
59.398,95.421,31.189,4.544,10.624,-18.105,-21.166,3.859,-30.824,-1.183,-16.875,22.812
58.774,81.238,24.385,-24.416,-11.842,-14.436,-25.745,5.475,-20.35,13.513,-25.66,-2.465
57.685,42.001,8.079,-28.56,9.997,-5.625,15.105,-10.486,3.898,16.386,10.077,2.678
59.469,100.38,8.629,4.676,-21.269,-40.886,-19.074,27.808,-17.099,-1.844,-8.099,-5.92
58.554,69.817,22.504,-32.079,-18.474,-23.427,-36.991,-13.756,-27.538,9.189,-10.575,-44.667
59.534,117.98,5.869,-21.673,16.327,-34.023,-40.871,3.914,-5.803,-1.218,-13.206,-22.947
58.447,95.736,22.956,-25.031,-4.887,-29.561,0.756,-35.546,-31.411,21.412,-8.135,5.337
59.934,78.093,35.624,3.557,8.367,-36.932,14.705,7.181,-19.22,-15.952,1.675,26.611
57.644,121.934,1.718,-22.702,-14.141,-23.142,8.249,10.953,-23.065,-12.964,-19.031,-8.884
57.322,93.411,7.201,-14.322,-7.423,-5.616,-1.061,26.474,-0.816,-6.96,-1.893,-10.594
58.574,113.816,13.402,-51.964,-36.079,-28.631,-29.285,-1.067,-29.724,2.182,-10.053,-11.944
59.463,98.804,28.111,17.49,-14.14,-29.519,-2.347,1.801,-23.481,-1.191,-22.331,30.117
59.907,90.374,28.946,-10.631,-1.992,-25.818,-15.752,10.851,-8.598,4.181,-6.407,-12.42
59.456,67.864,15.088,-5.572,14.78,-10.082,-8.366,-22.863,1.887,23.826,-4.987,0.91
59.202,74.81,13.516,-29.598,30.985,-37.226,-13.064,4.38,-3.02,10.027,-16.826,-9.928
57.396,105.113,-7.455,-23.229,-22.572,-36.876,-16.117,40.939,-27.951,13.55,3.201,5.042
58.191,97.626,-6.995,-23.702,-10.559,-31.183,-33.613,5.289,-15.116,16.707,-26.215,-9.317
52.987,-9.184,-41.224,89.51,-8.63,-11.328,-7.882,2.066,-39.21,0.791,-70.151,-1.196
32.613,-124.292,-102.832,-52.201,-61.59,-32.898,-3.077,-10.831,11.829,-8.735,-20.079,13.12
23.969,-135.033,-184.584,69.615,-38.188,-39.213,-41.381,76.191,6.904,-16.222,-55.36,1.638
