25.847,28.058,-16.671,-43.547,28.981,-17.445,-6.177,12.625,19.093,-7.196,-1.081,1.386
24.209,65.908,1.526,13.718,10.857,-38.204,6.491,-16.337,6.731,5.659,-5.341,3.397
24.808,86.15,-11.0,-8.182,-4.971,-35.53,6.445,-10.701,6.81,11.669,-5.155,27.486
24.337,90.232,-46.938,-11.834,-35.835,-35.393,-5.853,-23.077,-4.883,14.25,-15.154,4.523
25.309,117.146,-20.253,-23.015,-5.507,5.572,38.225,-5.915,-12.911,-25.22,1.605,23.804
25.536,109.415,-26.087,-11.924,15.509,-39.46,24.426,-5.466,-5.332,2.415,-7.772,11.808
27.941,143.619,-52.856,-6.384,4.568,-37.985,-3.889,-20.132,-35.896,23.643,4.462,18.118
27.295,74.799,-38.885,-6.531,-24.716,-26.827,-0.191,10.943,-25.629,11.127,0.151,27.399
28.428,83.362,-55.095,-7.806,-6.25,-22.345,17.783,-18.573,-18.684,12.55,-8.229,21.394
29.427,56.682,-52.402,-21.197,-48.852,-17.223,-1.87,-6.607,-26.769,13.773,-3.443,26.421
29.037,99.845,-34.541,-16.952,-28.726,-27.321,9.321,-7.327,1.549,-0.339,-8.743,33.008
29.478,62.18,-33.664,-17.24,-45.005,-18.728,2.965,-0.247,-16.059,14.276,-1.598,19.565
28.617,132.593,-22.313,-24.748,-8.492,-19.866,21.83,3.657,-33.24,-18.875,4.999,27.163
28.361,123.168,-8.131,-3.985,14.212,-30.823,36.244,-2.101,-8.534,4.854,-12.076,28.452
29.009,117.969,-32.225,-15.21,7.349,-32.777,-1.261,-22.674,-6.952,8.895,-3.139,28.577
28.722,102.451,-15.001,-46.603,6.266,-28.88,7.609,-7.455,-24.393,-2.599,-18.41,20.778
32.237,95.789,-33.834,-33.871,0.159,-24.629,21.202,-24.341,-20.356,19.233,-9.628,12.42
33.414,74.892,-40.969,-38.964,-23.752,-50.767,14.071,4.621,-27.236,-0.755,3.288,15.074
34.473,90.382,0.111,-51.667,-26.418,-28.655,33.986,13.04,-22.828,-12.831,-4.205,8.88
36.768,65.559,0.912,-34.611,-11.091,-44.374,32.554,6.055,-23.553,-2.705,-7.345,-6.088
36.601,73.046,16.298,-18.572,18.554,-33.346,37.51,27.695,-9.773,-6.73,-13.261,-15.277
35.417,106.393,24.898,-17.442,20.34,-40.128,35.401,-9.324,-25.635,2.565,-10.72,-1.3
40.216,13.071,32.5,-41.849,28.338,-11.013,8.564,-22.552,-15.693,31.492,-25.898,-13.279
40.865,28.897,1.255,8.715,32.951,-41.715,-21.177,32.543,0.619,-9.443,-7.535,4.32
40.99,0.597,29.528,-18.84,39.121,7.741,8.601,-9.304,-2.655,23.983,-7.86,7.073
39.387,-12.752,33.101,35.883,33.573,-21.725,-24.811,32.304,15.58,-17.195,-24.088,-10.401
31.747,45.43,-29.116,-9.881,-16.275,-33.108,-16.752,-0.129,-17.314,-1.844,-9.342,20.33
31.557,101.797,-26.524,0.101,-9.36,-31.957,2.591,-12.347,-10.344,2.144,-1.216,37.856
30.291,78.898,-35.298,-2.532,-26.693,-26.103,15.595,-6.277,-27.475,10.247,-0.238,27.866
30.462,119.565,-33.792,4.361,10.515,-33.712,23.908,-7.432,-41.99,-10.473,-7.341,40.706
31.757,164.974,-24.836,21.129,17.483,-41.774,13.121,17.952,-1.07,-0.156,-11.684,45.3
30.686,133.926,-37.635,-1.383,-11.936,-17.474,-18.07,-18.597,-2.289,14.007,-3.071,30.964
35.079,-27.042,45.092,-62.8,51.331,-0.461,24.027,-7.51,10.632,38.362,2.873,18.029
37.153,-54.922,25.43,-0.754,45.709,-33.889,-10.74,21.332,33.208,-13.496,-10.191,12.786
37.012,-7.553,38.045,-29.503,45.611,-7.302,-6.879,1.792,35.046,-0.072,-28.67,-1.239
30.596,35.228,4.487,6.885,26.34,-35.282,-12.694,3.498,13.589,-4.863,-11.507,8.692
27.778,52.416,3.837,-42.407,-5.02,-0.44,-9.294,10.628,-4.822,-15.008,-20.635,13.775
27.769,136.74,-34.339,13.2,31.233,-34.958,-4.714,-2.989,-19.919,-10.939,-11.383,22.387
27.374,147.866,-25.324,12.031,33.398,-33.102,4.083,-18.988,-5.636,6.154,-10.142,30.699
25.855,141.481,5.255,-49.337,25.629,2.032,9.04,-2.094,-14.248,-34.763,-14.874,19.091
33.438,38.136,39.999,-28.627,37.674,37.451,15.015,18.719,-15.105,34.439,-47.309,-5.072
32.509,29.144,-26.275,15.602,-11.028,-13.909,-45.552,-18.473,-11.243,-3.332,5.542,-7.044
30.313,153.899,-35.001,-47.368,42.047,-29.606,-9.128,-44.731,5.669,-26.997,-18.761,3.778
38.65,44.259,62.075,-38.145,37.734,0.656,36.528,18.196,24.03,-1.687,15.747,36.945
40.41,51.389,78.692,20.061,9.972,-23.497,20.314,13.82,-1.886,1.157,-14.596,17.715
35.479,32.136,36.76,43.145,32.272,-43.668,10.174,28.688,4.151,8.649,-22.918,16.29
30.706,-4.036,20.108,-21.312,63.066,-25.828,5.855,-3.047,14.039,31.927,-6.471,20.782
31.307,2.249,31.059,-7.44,65.232,-30.329,15.28,-31.731,23.977,9.187,-11.875,16.876
29.632,-10.188,3.415,-26.471,35.346,-48.243,-8.821,-10.382,16.199,7.227,2.443,11.642
30.077,-3.437,13.374,-7.342,20.131,-23.869,13.745,27.906,15.727,-0.62,-22.339,13.307
26.521,56.954,-24.94,-13.495,-23.549,-18.553,10.461,-4.969,-6.471,-0.832,-6.597,22.803
25.849,57.516,-55.621,-13.406,-36.489,-18.477,-6.554,-0.424,-17.13,16.824,-6.607,31.362
24.639,132.175,-13.676,-32.809,-11.537,-0.594,37.211,14.319,-4.882,-30.794,-4.358,42.741
26.838,172.95,-16.738,-17.425,15.553,-33.792,19.598,0.674,3.167,9.968,7.196,38.345
34.328,20.043,14.074,-58.368,60.978,9.494,-2.443,-26.643,-4.213,48.682,2.774,23.196
38.119,58.312,78.294,-45.982,41.474,-25.361,-10.355,11.755,23.611,-5.566,8.034,20.894
38.888,111.889,51.791,44.544,34.927,-13.379,-22.534,50.795,-11.379,-17.197,-26.503,21.733
35.072,38.619,53.392,-2.668,53.335,20.204,-6.036,-6.768,-6.378,19.637,-18.991,3.753
33.365,15.911,79.468,0.393,19.857,-13.042,-7.289,8.645,7.582,3.519,-23.197,9.214
30.3,41.586,1.671,-30.13,-8.186,-21.05,-32.015,-14.436,-5.716,0.94,-8.565,6.156
31.626,20.831,38.733,-34.677,32.469,-14.357,-36.02,48.118,7.32,4.113,-23.738,8.234
30.343,24.421,22.866,-1.205,3.091,-26.7,-15.421,7.589,-16.487,-8.149,-2.531,8.26
29.052,93.472,-18.15,-8.459,43.854,-29.559,-12.393,-19.465,-7.267,-9.932,3.287,20.192
30.757,67.242,-9.627,-73.856,0.05,0.327,-26.04,-33.715,-14.63,13.624,-13.736,7.071
35.437,45.423,26.049,-80.03,-18.988,-8.113,-23.427,10.058,-7.595,3.52,12.211,-27.941
38.144,57.451,78.867,22.456,38.571,-1.59,-17.151,-5.523,13.543,10.965,-49.689,-5.426
32.546,28.337,73.413,-39.351,32.373,-3.573,8.02,20.839,17.597,-7.993,-9.265,10.089
28.54,43.125,2.118,-22.887,-9.861,-32.73,-45.548,-9.478,-0.131,2.456,-9.183,-8.44
28.236,7.382,11.852,-20.833,-31.085,-16.092,-26.321,-20.399,-6.2,-3.213,-18.742,-10.934
30.151,70.271,-68.234,-54.391,53.723,6.736,-29.039,-32.181,15.481,-56.203,4.852,13.051
27.77,36.42,-36.263,-56.534,34.667,-14.968,-40.514,4.088,14.691,-16.263,2.582,8.946
29.582,-31.641,13.11,-12.757,22.931,-23.945,-31.455,-8.729,-13.376,2.668,-9.948,9.287
29.48,35.495,-50.479,-46.338,24.968,-29.732,-32.371,-21.446,2.494,-15.879,8.786,15.094
29.915,37.858,-53.572,-43.189,53.051,-34.617,-43.141,-14.917,6.429,-22.647,7.762,10.891
29.102,4.268,-11.505,-36.693,27.4,-46.826,-65.911,-31.282,-12.459,15.734,-1.984,0.727
31.202,-21.589,-21.798,-57.307,18.472,-10.568,-55.305,-1.603,4.877,1.93,-20.007,9.044
33.328,33.424,-12.777,-79.984,-10.398,-17.656,-75.706,15.252,1.248,3.675,7.43,-5.025
33.847,89.66,-40.903,-13.124,-14.265,-36.514,-64.211,20.871,-15.623,2.194,-1.721,2.394
30.19,18.483,14.687,4.863,24.18,4.477,-21.992,-12.3,-8.78,5.518,-24.199,0.309
27.593,113.175,-20.052,-32.232,29.052,-10.221,-28.013,-28.958,16.753,-20.861,-10.349,12.873
25.942,204.774,-26.547,-38.631,36.068,-40.739,-29.827,11.693,10.342,-21.071,6.946,41.806
26.911,112.972,-18.025,-35.32,31.065,-40.101,-33.466,-11.473,-3.313,11.038,-2.76,15.692
26.571,69.544,-17.98,-25.561,-9.765,-22.799,-47.869,-18.601,-6.315,2.266,-18.577,-3.32
23.008,61.324,-61.195,-37.923,-37.344,-35.36,-52.531,-0.102,-7.523,-2.661,-9.256,-4.636
23.736,-11.311,-17.153,-68.401,-12.423,-12.207,-30.115,-23.247,-6.869,23.64,-15.303,-21.045
25.926,6.506,-41.21,-25.846,24.878,-39.117,-16.105,-38.029,15.396,18.727,-1.474,17.764
27.324,6.918,-31.429,-19.584,6.558,-40.443,7.829,-28.945,11.673,4.738,-2.477,22.577
28.589,31.25,2.946,0.575,8.644,-35.769,-1.99,-17.429,10.844,13.49,-10.635,-11.236
28.443,55.036,17.77,16.859,8.398,-26.677,23.388,-15.94,0.159,13.038,-10.443,-5.405
28.543,91.36,7.298,3.944,40.238,-34.392,12.716,-19.931,-12.321,9.072,-10.064,3.003
29.355,54.034,-10.724,-47.286,25.783,-6.611,-13.28,9.478,-4.76,-21.853,-23.268,2.064
28.38,-19.017,-29.233,-40.56,-15.632,-32.146,-0.836,-9.735,-21.071,2.818,-0.944,33.103
34.745,-2.863,5.99,-28.915,34.478,-13.587,6.319,-8.572,11.738,2.253,-1.503,25.951
35.723,-4.893,0.31,-58.467,27.162,-28.19,-60.234,-0.32,-2.396,5.56,7.788,4.151
35.377,17.519,-11.87,18.638,28.497,-36.324,-77.448,-10.054,-13.866,-3.238,-25.517,4.416
31.429,17.495,-15.337,-66.498,30.174,-3.831,-37.871,2.654,-5.446,-13.22,-19.743,4.395
30.305,85.933,-32.873,-7.251,11.398,-8.781,-34.652,-58.902,31.671,-19.799,-24.943,15.717
29.339,31.895,1.526,-67.34,12.639,-27.786,-12.585,-6.739,18.176,0.003,-8.612,-10.689
31.304,-13.774,4.446,-73.544,41.737,-22.712,-6.656,3.082,19.439,-1.429,7.57,14.522
32.86,3.713,27.556,33.685,36.329,-28.178,-21.845,9.896,6.186,12.994,-30.786,-10.543
27.753,28.816,-13.828,-36.641,35.889,-11.025,4.706,24.304,15.989,-22.323,-11.889,6.072
25.87,118.05,1.613,-2.185,40.422,-36.563,8.461,-9.921,-29.269,-4.179,-11.3,-7.111
26.123,42.442,-14.835,-52.45,-31.077,-27.394,-15.376,-5.287,-4.959,19.135,1.824,-8.172
27.398,38.871,-51.361,-16.543,-30.696,-23.004,-14.179,-31.046,-12.416,-2.944,-35.225,9.438
24.977,19.144,-44.593,-8.591,4.86,19.768,-3.654,-33.162,-29.895,-12.717,-23.696,11.516
23.827,58.323,-27.193,-14.836,-29.54,-16.574,-20.102,-7.962,-8.793,5.394,1.737,46.204
22.718,131.214,-27.96,-23.494,-33.137,-16.64,-6.055,-3.146,4.006,-14.506,-17.035,45.477
25.873,66.9,-13.593,-42.669,-11.75,-13.572,-18.959,-36.288,-29.799,13.251,-4.145,-2.987
26.22,19.194,-30.407,35.446,2.754,-49.195,-16.695,-43.109,-6.656,21.785,-23.853,12.539
25.99,92.201,-27.137,-0.519,8.062,-23.043,5.325,-31.041,-13.121,0.492,-10.261,15.228
27.31,149.642,-16.185,-7.352,14.666,-26.207,-14.56,-19.235,15.039,13.399,-7.282,23.87
25.267,100.336,-11.398,-13.512,-2.805,-40.546,-31.93,-12.167,-29.464,-0.48,-12.497,14.314
26.196,109.74,-46.353,4.295,-19.552,-19.559,-2.205,-16.396,-8.694,-1.395,-4.889,45.51
24.332,96.343,-44.174,19.858,-19.795,8.198,9.452,-28.344,-9.053,-9.718,1.403,28.262
21.53,87.556,-9.425,-56.51,-31.158,-31.963,3.464,13.407,-18.82,-3.044,5.065,18.692
27.353,107.493,-26.174,16.953,-30.628,-21.02,-6.738,-16.646,-22.494,6.042,-7.803,37.497
32.175,42.7,74.189,-166.079,11.413,23.855,9.08,-25.861,-12.56,7.551,11.249,-4.617
39.101,43.063,65.125,52.832,35.916,-24.528,-14.094,16.735,3.989,-2.111,-29.573,-13.997
29.033,31.763,-11.841,-26.36,-9.708,9.052,-48.809,23.622,2.783,-17.073,-25.998,-9.699
24.38,26.56,-31.207,1.423,-1.538,-15.507,-32.877,-20.665,-12.644,-9.962,-16.912,13.092
23.977,25.531,-0.209,-122.224,0.573,15.182,39.759,-10.627,-13.185,-3.357,-12.629,24.866
30.019,-34.971,61.336,-12.294,2.853,-37.81,28.828,9.291,4.471,-5.672,4.834,12.586
31.745,-21.924,51.189,-19.009,0.997,-29.366,25.408,7.645,1.943,14.177,-12.612,7.5
30.515,-29.789,-3.248,-26.933,-14.877,-40.499,6.181,5.642,-2.57,7.733,1.672,6.306
31.288,-25.009,19.413,-29.162,7.226,-31.086,-0.428,4.378,7.387,0.798,-3.62,5.049
31.904,-31.627,-19.135,-16.139,3.971,-25.937,-5.114,-3.351,8.885,9.816,-5.652,-4.979
29.37,-14.747,-24.303,-31.963,-18.427,-41.641,-37.819,22.939,14.664,-4.532,-0.014,-6.199
28.044,25.622,-22.919,-38.387,-24.041,-29.79,-10.716,-3.061,-0.401,7.559,-4.423,21.093
28.941,57.264,-5.305,-9.05,-5.179,-33.676,19.018,-4.147,-31.385,9.974,-1.825,8.019
27.253,38.119,-17.454,-24.26,-23.25,-61.447,-5.283,4.711,-10.471,0.746,-3.326,29.706
30.566,-6.802,-23.401,-40.986,-4.515,-32.385,8.329,-29.001,-11.042,34.376,-3.333,17.638
31.243,-37.682,-31.228,-41.589,19.369,-35.457,-32.982,-2.482,7.789,-2.707,-13.472,-13.69
38.083,-10.91,72.197,-116.872,7.647,34.081,15.337,0.375,-24.289,19.498,5.734,-3.475
43.565,0.041,117.958,-8.105,37.615,-23.653,6.243,-4.455,-1.892,6.3,-1.863,-35.852
40.206,10.076,20.594,141.218,15.713,-26.328,-25.564,21.128,-3.35,-13.788,-51.52,-25.92
27.95,17.05,-30.792,-10.882,-30.96,-29.311,-19.651,-8.722,-11.566,-13.993,1.196,-7.385
26.309,56.302,-21.82,-6.345,-30.453,-39.2,-0.609,-24.345,-22.441,-1.162,-4.933,2.364
25.066,63.955,28.525,-11.365,-24.502,-20.833,-0.688,-6.757,-21.103,-1.332,-15.34,15.924
30.142,2.133,-3.816,-73.181,12.422,-23.211,23.015,-38.776,-13.356,28.296,6.441,10.918
35.723,-62.386,17.122,-38.433,-0.699,-37.779,43.092,1.372,23.205,13.114,-11.088,-1.799
38.003,-57.881,67.289,-14.495,5.378,-34.437,37.301,24.821,13.855,0.694,-4.534,-11.038
38.819,-9.439,38.88,11.708,10.891,-29.731,13.05,0.969,8.528,6.999,-25.133,-1.065
35.704,-39.123,49.967,-5.847,1.477,-35.876,29.445,-1.047,4.655,9.044,-7.991,-16.177
37.512,-38.464,58.148,-42.057,15.92,-32.103,14.289,14.697,6.668,-1.657,3.78,-6.852
41.148,-27.828,53.7,-31.348,9.691,-32.792,14.795,1.865,12.175,6.074,-4.07,-10.508
39.998,-10.126,-4.791,61.689,1.381,-24.147,-18.804,27.253,19.137,-9.939,-40.946,-13.552
28.058,9.32,-54.148,-12.312,-31.656,-43.493,-18.964,-8.697,-11.245,-4.416,-4.926,2.203
24.669,7.967,-38.369,-43.601,-25.33,-31.859,-1.878,24.971,-2.673,-13.207,-8.267,26.711
24.864,38.91,-31.254,-40.09,-38.527,-31.126,-5.553,5.872,-13.238,-7.741,-1.451,25.616
27.628,-1.397,-25.83,-62.94,-18.011,-7.501,8.237,-50.366,-10.806,21.051,9.585,16.846
31.782,-38.558,-16.241,-67.912,9.533,-35.08,-13.731,1.338,37.723,15.364,-0.45,4.39
33.615,-19.094,-23.348,-7.936,17.347,-21.194,-10.401,5.664,18.906,1.6,-15.213,23.978
38.804,-19.014,50.764,-98.386,8.003,27.319,7.728,8.483,-0.113,4.041,8.993,-3.374
45.035,0.975,108.22,-23.735,21.966,-24.428,-1.327,-1.058,-8.756,2.01,-7.054,-28.157
44.254,14.923,53.625,80.893,32.905,-26.529,-34.837,33.423,3.447,-16.057,-45.162,-23.739
33.381,-28.546,-25.015,-31.831,15.461,-32.345,-39.082,0.072,13.928,0.297,1.415,21.379
30.523,-9.095,-16.465,-11.416,-21.018,-31.601,-47.788,14.489,-2.413,3.841,1.38,1.901
31.665,-9.32,-24.114,-25.888,-37.209,-3.003,-37.092,-2.255,-15.609,-9.4,-10.892,-7.344
30.18,-13.149,-51.393,-37.514,-36.705,-29.949,-26.5,-0.127,-0.067,0.463,-4.704,-0.905
30.05,-32.085,-51.963,-55.761,-23.139,-14.314,-22.229,-15.928,-1.048,-11.672,-14.386,-4.427
28.619,-40.941,-42.302,-35.325,-20.036,-23.52,-20.065,-5.487,-2.944,-4.719,-1.708,8.511
27.851,-23.744,-38.034,-40.869,-20.187,-31.722,-7.89,-14.005,2.788,-1.081,-3.019,-1.074
27.443,-12.886,-40.131,-28.844,-18.997,-26.438,-5.362,-11.255,8.734,-4.647,-5.562,6.982
26.044,6.306,-29.168,-18.938,-25.171,-27.407,-0.688,-4.801,9.941,-16.811,-2.861,8.099
28.636,76.297,-44.424,-97.029,14.503,-35.619,-8.136,65.428,14.135,-9.98,10.238,13.339
34.013,-7.343,-11.702,11.696,-9.224,20.394,-39.237,4.444,-14.61,6.14,-42.1,-17.838
30.252,130.702,-40.692,-76.488,39.452,-34.101,-6.073,42.207,15.937,-14.614,9.686,1.256
32.401,126.343,-85.243,-38.012,37.908,-34.372,-10.795,-34.673,-5.039,19.222,-28.668,20.042
30.49,-17.68,-31.892,-44.449,-3.149,-30.201,-15.466,-26.348,3.999,14.663,-5.216,-0.579
31.307,-43.953,-2.269,-35.443,-18.445,-29.223,-16.13,0.732,29.376,10.47,-0.467,-4.072
29.216,-26.75,-9.024,-29.165,-36.24,-31.906,-9.024,22.104,12.52,3.776,-8.211,6.355
27.844,-16.847,-34.999,-42.46,-54.89,-32.377,-24.946,15.879,-10.304,1.742,2.222,-0.58
26.551,31.452,-2.326,-28.024,-66.147,-22.976,-12.148,-9.663,-9.818,-3.07,-6.467,-13.403
26.326,62.639,13.684,-18.85,-71.356,-24.962,7.091,-5.06,-0.255,-0.341,-10.775,-8.11
25.307,77.176,18.951,-32.878,-51.863,-17.949,-5.023,-14.145,-16.099,-1.526,-1.194,-4.934
30.91,19.866,14.764,-48.979,-31.433,31.05,-34.722,17.351,-10.012,18.887,-35.946,-26.541
28.717,11.366,-47.301,-72.698,-22.487,-26.366,-18.21,-6.207,8.313,-4.783,-8.002,-14.14
31.221,-1.108,-32.353,-60.805,-45.274,-27.186,-26.456,-10.002,15.516,5.196,-4.6,1.049
32.063,110.462,-45.758,-74.141,20.838,-24.907,-3.376,-32.527,16.869,8.483,-17.949,28.89
31.908,-20.628,-34.176,-31.406,-19.102,-20.026,-10.876,-6.017,-2.861,15.801,-33.619,5.132
28.823,12.128,-27.406,-17.209,-28.008,-29.489,-5.908,-14.363,2.217,8.424,-20.57,-5.03
26.576,-19.277,-33.529,-44.09,-35.151,-46.953,10.265,1.463,-2.505,22.044,-5.23,8.927
27.969,0.733,-62.952,-46.04,-12.311,-40.781,10.866,-0.423,6.317,6.939,-2.995,9.956
29.139,-40.121,-18.941,-32.781,13.753,-39.494,25.966,6.77,20.638,7.7,-2.578,27.679
28.481,-21.633,-3.386,-29.086,16.239,-33.498,21.453,-7.467,45.542,17.276,-19.181,17.507
28.011,-35.107,-7.711,-48.219,16.676,-43.346,12.865,-0.245,53.892,11.23,-7.585,6.815
30.013,-65.371,-27.461,-42.468,5.408,-34.146,-3.376,-5.645,31.818,11.53,-4.589,-0.974
29.02,-35.941,-3.679,-35.719,-23.955,-30.495,2.203,-2.541,4.11,4.0,-6.606,7.913
28.162,-25.606,-16.061,-23.521,-30.444,-30.569,-5.276,21.805,7.379,0.865,-8.631,-5.298
24.818,4.859,-15.382,-20.886,-57.235,-33.836,-3.936,1.687,-12.992,3.11,-4.101,1.983
25.136,14.854,-8.093,-28.628,-30.846,-26.119,-3.741,6.765,-7.662,-8.983,-10.116,-3.827
24.011,3.954,34.295,-29.476,-13.22,-33.598,-2.514,23.346,-3.024,4.226,1.479,-13.372
25.052,0.682,-24.067,-28.219,-11.314,-35.823,3.593,-16.808,-10.483,6.32,-15.486,-2.162
25.009,-55.028,-37.147,-49.666,-5.882,-28.995,3.723,1.501,8.921,5.192,-26.186,0.922
24.376,-50.406,-73.333,-66.568,-18.303,-28.208,1.141,0.939,17.443,-16.372,-7.679,-6.942
23.931,-48.497,-46.413,-44.045,-42.149,-28.188,-2.778,5.374,-29.019,-11.186,0.273,-5.417
25.203,13.996,-33.391,-56.837,-22.269,-4.151,29.312,-0.293,-27.021,-20.564,2.579,20.81
27.715,-90.237,-3.96,-52.067,-3.215,-29.939,18.2,-15.193,-14.595,20.7,0.929,12.606
29.266,-49.636,16.226,-14.87,0.835,-32.478,7.012,58.154,3.795,-18.339,-4.49,-4.018
26.753,23.241,-32.023,-32.311,-21.023,-30.466,-7.688,-23.681,-13.741,20.011,-7.192,-17.502
28.079,14.87,1.642,-54.417,-43.423,-18.882,-14.99,-2.568,-4.66,1.163,-12.365,-15.613
27.219,19.157,34.58,-12.595,8.029,-35.272,3.552,-1.51,-1.56,4.262,-12.039,25.424
27.185,11.821,28.441,-8.787,13.687,-20.636,0.993,-3.24,1.391,-0.982,-14.493,13.34
26.572,-18.109,-22.805,-15.769,-28.783,-39.082,14.637,0.522,-6.424,-7.986,0.896,-4.462
27.735,-38.449,-45.564,-62.396,-7.602,-31.896,28.186,-36.496,-21.018,-2.691,2.201,20.843
32.382,-74.722,-2.348,-31.368,-4.77,-19.095,7.483,47.999,6.352,-3.171,-16.134,3.895
28.1,2.893,-46.259,-27.42,-38.989,-39.575,-16.392,-14.715,0.864,-4.314,-11.307,-12.733
25.563,-22.282,-39.423,-40.82,-34.997,-29.598,4.214,1.844,-13.71,-22.791,-12.801,-7.365
26.029,13.533,-24.83,-66.975,-18.161,-27.091,11.329,5.612,-10.308,-30.299,-0.432,-9.708
30.284,-22.112,21.416,-48.281,-27.424,-24.239,14.232,24.244,-17.681,13.087,6.367,-17.315
32.229,11.621,22.471,11.328,-13.061,-33.509,8.152,-12.954,0.443,12.319,-23.632,-2.954
31.379,-3.929,-9.684,-37.426,17.24,-32.963,-3.254,12.285,6.111,1.285,-3.416,-10.83
31.767,-24.968,-3.455,-19.023,17.373,-33.949,-1.806,2.486,-0.374,9.209,-11.811,-8.075
29.455,1.697,7.195,-9.934,24.43,-33.509,-5.588,-4.988,2.896,-4.293,-13.641,-2.166
29.771,-70.007,-10.486,-72.348,-0.092,-36.337,8.037,-1.033,-8.802,19.449,7.11,20.461
33.948,-55.411,20.91,-35.478,-9.649,-32.873,12.5,41.853,1.923,-0.711,-8.452,-0.25
32.693,-8.309,-34.831,-32.46,-40.006,-25.319,-23.716,-0.932,-2.122,-4.58,-11.751,-13.773
32.109,-37.557,-52.29,-50.055,-44.992,-18.401,-35.943,-8.572,6.218,-1.962,-15.552,-18.792
31.112,-28.114,-67.168,-29.511,-51.299,-30.238,-33.047,-13.745,-5.936,9.227,-7.953,-8.023
30.118,-65.029,19.108,-50.559,-26.042,-29.92,12.738,6.304,-22.538,-2.095,-2.126,-15.322
33.284,-65.706,32.026,-49.697,-5.755,-35.244,18.025,10.706,-2.865,15.068,-0.672,-7.041
34.198,-19.438,10.253,14.653,-16.465,-39.83,-5.819,26.718,8.307,-9.05,-6.011,-2.262
31.228,7.187,12.027,-19.867,7.11,-38.795,1.536,9.949,-0.087,10.124,3.909,6.022
30.405,-6.333,17.159,-1.258,4.363,-48.832,-6.7,-19.555,-7.705,20.829,-16.382,-2.088
30.441,-18.441,-17.132,-0.175,-5.324,-43.183,4.938,7.335,11.13,0.404,3.685,0.945
30.508,-26.47,12.58,-59.98,-14.475,-32.968,16.896,-7.992,0.111,8.126,-3.759,12.999
34.921,-46.373,47.816,-50.374,21.268,-42.811,26.647,0.745,14.768,7.304,2.441,4.989
37.497,-28.298,69.046,0.567,12.248,-50.043,28.943,0.26,8.055,9.587,-6.659,5.559
37.242,-27.214,43.843,6.138,9.122,-39.977,23.919,15.158,9.599,2.659,-8.175,5.48
35.607,-38.44,14.697,-7.074,6.432,-39.122,18.714,16.22,16.622,1.412,-10.406,4.927
35.014,4.761,-18.255,-30.435,-13.797,-39.874,-9.421,2.262,17.818,4.25,-4.538,-4.546
34.085,20.111,-31.22,-27.14,-29.235,-45.932,-4.84,-10.938,5.405,13.049,0.049,18.833
33.016,31.238,-17.303,-41.304,-32.647,-28.287,-23.523,-17.451,10.03,8.332,-9.336,-1.652
33.392,103.345,-53.461,-35.363,13.244,-23.287,-16.0,-11.406,22.582,-33.13,-12.678,-0.408
32.338,0.279,-10.784,-36.084,-5.371,-37.845,16.126,-5.939,10.892,19.878,-12.395,17.122
33.159,0.698,-10.052,-10.091,-14.38,-51.746,20.683,3.961,6.298,9.116,-2.653,19.747
32.597,-5.713,-0.607,-35.942,-40.063,-34.026,2.756,18.345,-2.035,8.971,-7.112,0.226
32.979,52.999,3.017,-26.228,-32.298,-28.837,-11.599,19.422,17.343,-5.572,9.211,-12.6
34.026,92.257,21.903,-15.898,-13.99,-26.464,-1.878,-1.72,-9.328,-3.292,-16.871,-7.997
34.306,48.423,27.346,-19.372,-14.734,-34.108,-1.598,-30.107,10.2,20.535,-7.975,5.348
35.088,-17.558,38.719,-16.781,-0.404,-38.441,26.677,7.395,1.272,5.693,-0.388,37.188
35.359,0.056,45.877,-17.563,4.634,-28.415,8.316,20.986,4.661,0.548,-0.344,20.96
36.379,49.036,34.646,-15.284,11.635,-39.707,20.989,-2.084,10.477,6.542,-4.415,33.525
33.694,25.435,12.973,19.774,0.004,-29.27,-17.398,7.639,-1.735,-1.304,-18.33,26.11
30.274,12.828,-3.842,-38.258,-31.48,-12.876,-33.888,3.347,-27.56,-7.597,-4.476,4.835
31.196,141.145,-57.341,-57.793,29.72,-23.898,-13.224,-6.982,27.81,-29.202,-3.808,17.209
30.837,12.491,-54.78,-48.747,-23.855,-28.871,-3.347,-15.644,-7.151,5.459,-6.719,9.695
31.127,-21.136,-9.335,-51.051,-15.049,-26.995,-3.661,6.832,7.618,4.885,1.187,-3.72
31.39,-0.699,-6.864,0.989,-15.382,-31.985,-19.649,8.267,-2.533,-4.354,-16.288,-7.883
26.496,-0.826,-1.716,-39.376,2.137,-33.922,-18.597,7.752,8.6,-7.177,-6.109,-0.59
26.518,4.182,-41.02,-28.29,-27.14,-49.008,6.47,-34.152,-14.562,2.76,-9.764,6.855
28.191,32.598,-21.631,-29.121,-21.299,-26.755,2.784,-13.534,-19.289,-8.618,-9.527,2.253
26.548,47.984,-14.98,-30.885,-9.888,-22.978,-6.669,-0.67,4.004,-22.781,-0.565,2.337
27.456,-3.043,15.058,-59.994,-0.068,-14.05,-28.856,-14.689,-5.731,-21.901,-11.527,-11.85
28.841,-52.98,-26.074,-25.752,-6.463,-14.967,-32.057,1.284,-13.621,13.323,1.608,-27.601
31.048,94.154,-53.228,-33.495,20.656,-16.399,-29.377,-29.011,6.928,0.417,-21.445,2.619
33.306,-45.41,5.648,-73.163,8.672,-5.197,-1.829,-4.419,-8.88,22.734,-12.22,-9.195
31.982,-37.115,29.515,-35.385,19.858,-28.931,-12.091,-6.586,1.298,-13.644,-3.446,-9.537
32.08,-17.505,15.999,-0.713,0.967,-24.796,-27.431,-6.384,4.761,0.945,-15.298,-2.857
28.425,8.542,-14.37,-21.964,-13.443,-28.362,-11.208,4.476,-4.746,-10.383,-5.502,11.636
26.962,-24.541,8.714,-26.176,-2.559,-30.28,-25.381,-7.761,-7.719,5.169,-3.454,12.012
26.915,-15.694,-14.643,-15.98,1.887,-39.193,-15.431,-21.291,-12.188,0.792,-9.611,-2.964
29.295,79.269,-1.767,-49.343,-16.699,-16.453,-14.964,0.996,21.98,-18.57,-9.058,-9.548
29.182,-16.373,-26.789,-43.302,-32.04,-7.22,-20.501,4.498,-7.729,3.373,-12.466,-7.806
31.219,-1.723,-23.876,-58.9,-29.224,-21.938,-15.343,-25.533,-24.851,8.911,-12.293,-4.169
30.654,-1.288,-29.983,-25.851,-65.502,-17.46,-8.253,6.91,-12.736,-1.214,-10.472,-7.637
28.056,-18.007,-31.625,-16.464,-47.181,-31.04,-8.114,-5.779,-6.054,5.739,-19.859,-8.764
26.405,7.606,-57.257,-21.463,-17.172,-31.459,4.717,-24.035,-0.603,9.996,-16.239,5.587
26.258,23.543,-29.826,-36.204,17.345,-7.724,13.963,-13.851,20.252,-6.585,-18.02,0.286
25.311,35.159,-31.044,-24.323,0.577,-39.317,-17.037,-5.861,28.319,6.33,-11.085,-6.553
26.166,-3.457,-30.641,-45.911,-25.327,0.522,-13.445,-23.977,-9.597,2.738,-32.69,-3.307
26.906,-19.702,-73.488,-70.028,-20.934,-21.83,-3.946,10.831,-9.28,-25.08,-3.295,2.621
27.785,95.015,-105.538,-68.629,-2.813,-39.307,-19.581,5.874,25.737,-8.038,-13.315,29.428
28.029,7.121,-36.363,-78.384,-7.825,4.509,3.396,-32.96,-15.211,50.965,-48.171,11.885
25.909,-24.825,-56.153,-75.587,-20.332,-26.43,4.458,26.904,-5.262,-4.723,-4.833,20.351
25.854,-31.845,-5.446,-57.196,-1.003,-17.111,8.365,30.541,-3.172,17.097,-10.06,20.98
23.004,24.082,-87.802,-44.886,-36.318,-8.965,-9.357,-22.565,2.319,-13.964,-18.031,5.758
24.523,-4.372,-55.096,-46.418,16.51,-3.441,11.713,-20.5,11.95,17.163,-14.935,-1.985
27.354,3.796,-51.717,-3.427,44.3,-21.672,9.772,-27.826,9.441,10.756,-17.153,-1.533
28.609,-39.681,-27.051,-18.29,54.904,18.633,8.724,-34.222,6.475,29.125,-31.77,-23.476
33.83,-11.299,24.113,-44.372,29.387,-12.747,16.131,-21.763,3.072,47.732,-8.223,-27.407
34.527,-12.31,17.399,-5.9,4.782,-40.219,-5.304,33.026,6.327,3.055,-17.034,-20.366
32.15,18.495,-20.767,11.833,12.671,-7.216,-7.753,-17.861,12.789,31.157,-29.249,-12.863
31.824,32.855,1.242,-4.894,23.261,-15.168,-11.283,-21.142,-5.928,34.954,0.111,20.424
31.272,13.701,-25.63,4.017,-3.087,-26.121,7.677,-18.786,-7.346,15.298,-17.686,8.597
32.047,-2.972,0.549,-8.298,39.052,-28.591,-2.885,11.977,-1.229,-22.951,-1.719,-8.789
33.531,-3.555,-26.845,-28.255,17.546,-21.997,13.681,1.233,3.2,-3.291,12.385,12.981
36.466,-20.09,28.444,-20.973,27.82,1.149,11.059,16.469,17.516,1.395,-28.395,6.502
38.963,22.541,48.217,-64.813,-5.52,24.946,-13.858,20.864,-7.509,-21.442,-4.6,-12.636
41.688,19.435,29.47,64.708,15.899,18.926,-12.953,11.846,-0.846,-3.819,-48.178,1.052
31.334,6.453,-25.537,15.55,30.349,-0.236,-6.228,-33.54,-12.147,-12.011,12.94,11.634
28.566,10.667,-56.352,-23.482,39.229,-16.583,-8.333,-31.72,0.623,-18.752,-9.666,7.264
31.182,-18.111,-27.244,-47.204,36.815,41.998,24.325,0.231,-5.912,-6.743,-26.584,18.606
33.647,-15.776,-22.742,2.049,28.958,2.954,9.507,-1.702,-18.434,6.951,-0.811,14.685
35.674,8.384,-23.374,1.733,20.67,-48.374,8.033,-21.413,-22.594,7.439,11.648,8.831
35.592,2.184,-34.602,-25.311,24.527,-31.304,-22.998,67.123,5.776,-18.236,10.865,21.482
38.532,-24.363,-15.194,-10.709,34.299,-11.441,-9.978,-10.446,-4.015,6.313,-17.414,7.45
37.934,-0.382,33.514,-46.788,-1.537,-8.452,-32.465,20.065,-15.681,-15.855,15.271,8.244
35.735,23.554,-50.125,29.968,-7.848,-19.351,-48.089,-20.681,3.415,-8.638,-25.868,6.851
32.68,11.428,-26.772,41.115,30.224,-40.051,3.99,-18.225,-15.79,20.798,-4.302,11.361
28.013,-34.548,-41.986,-0.854,14.156,-29.017,8.972,-23.102,-4.418,25.227,-29.704,22.033
34.349,-0.598,-23.124,59.727,11.113,-6.58,11.003,-3.955,-7.581,7.539,-14.56,19.439
32.624,37.714,-26.555,2.566,16.455,5.766,18.612,30.346,1.681,-0.637,-5.181,19.251
32.151,29.172,-9.506,37.803,14.438,4.137,27.867,-32.046,-5.908,20.987,1.658,8.593
28.929,-64.634,-13.05,-24.247,10.228,-8.462,25.912,8.595,-6.702,-13.135,1.241,14.646
37.234,-43.703,75.885,-80.822,20.805,22.979,19.63,49.639,13.406,6.912,3.836,-2.72
39.625,48.167,-24.209,41.212,-37.606,-11.837,-33.933,-17.748,-18.531,-9.175,-27.253,-15.038
33.901,118.301,-72.148,-31.189,21.094,-31.818,-0.679,5.515,-3.475,-16.878,-11.836,4.873
32.027,98.53,-24.101,-60.908,17.841,-18.136,-8.597,-5.762,11.281,-14.719,-15.544,-1.601
33.943,-11.281,-5.27,-47.651,29.535,-21.036,-21.131,-3.269,-31.082,-13.981,-2.56,9.815
35.522,-13.96,-1.417,2.702,41.501,-55.962,-21.505,-18.228,-40.159,3.614,-11.234,17.108
33.915,-37.255,13.889,-13.224,54.685,-27.884,-21.643,-5.52,-5.959,3.207,0.595,26.481
33.597,-53.64,38.676,-42.293,55.251,-31.631,-4.889,-40.829,-16.578,9.146,9.592,18.824
36.143,-43.958,8.548,30.775,66.975,-50.194,-37.756,-48.224,-10.829,19.276,-15.307,-0.34
32.652,-95.873,10.783,-7.061,75.155,-16.286,-34.33,9.533,18.627,-20.406,-1.086,-9.483
32.179,-47.164,-21.599,-43.315,50.492,-3.092,-9.607,4.098,16.949,-29.212,-0.955,7.326
31.261,58.118,-76.623,-62.463,18.555,-47.777,-19.525,9.609,20.4,-13.336,1.64,9.382
30.76,22.251,-79.182,-20.983,36.111,-35.365,-1.974,-45.23,6.665,0.753,-25.277,15.034
32.021,32.083,-18.028,20.04,21.424,-22.762,0.324,-29.366,-1.454,5.563,-12.376,11.367
27.78,-42.105,-8.467,-23.674,22.906,-7.728,4.702,-10.851,9.798,-20.752,-21.793,15.13
29.241,24.348,-36.872,-22.413,33.406,9.366,28.435,6.662,-8.434,1.523,-14.904,15.801
29.677,78.718,-38.92,-36.567,18.653,-0.181,16.48,1.126,7.778,-24.644,9.589,21.771
34.713,23.074,-23.585,26.649,24.564,-6.803,16.329,-20.809,-5.788,5.111,13.075,-15.531
42.525,41.284,83.142,-111.934,30.293,69.28,12.159,33.135,18.693,1.744,-8.967,-2.628
42.66,107.211,31.941,-46.086,-7.29,5.483,-41.162,-1.326,21.664,-10.19,20.25,-11.638
44.453,98.509,19.712,-24.715,-41.515,-15.829,-56.891,-10.096,-0.658,7.399,-13.74,-16.257
43.669,110.441,19.075,-31.998,-46.116,-18.004,-79.84,1.059,-12.644,-17.002,-10.665,-9.903
40.941,81.223,34.839,0.844,7.443,33.186,-30.956,8.747,-8.628,-2.466,-19.494,17.474
43.97,104.799,77.957,-32.888,42.175,5.551,-2.064,2.597,25.943,13.57,13.175,33.377
43.091,67.57,45.748,89.358,45.989,-8.364,8.124,-18.079,24.667,21.36,-64.378,18.585
33.705,4.527,-2.969,-19.062,4.537,-43.9,9.969,10.854,2.483,-3.962,-5.706,1.148
36.188,35.717,-3.947,23.248,14.252,-51.997,-3.517,-11.52,-6.66,28.954,-22.691,-9.786
33.098,10.764,-11.889,-51.314,2.401,-17.48,13.378,-21.46,-3.539,29.184,-28.044,5.101
42.842,65.106,62.438,-133.4,-18.847,46.31,-11.566,22.665,-4.457,-13.32,13.216,-13.322
48.431,114.625,70.469,12.733,-11.988,-4.012,-7.227,1.909,-10.828,-1.787,-27.967,5.028
43.388,125.637,39.694,-61.242,-23.592,-6.292,-46.595,18.336,17.597,-22.349,17.292,-13.185
42.956,107.192,17.748,46.651,-12.276,-29.872,-56.186,-17.466,8.677,11.208,-16.45,-21.952
40.34,118.139,5.486,10.781,-29.87,8.504,-40.373,-20.142,10.74,-27.569,-18.093,-3.961
42.177,24.298,56.528,-64.562,45.791,-10.526,14.588,22.624,35.972,17.97,17.8,18.235
44.225,49.477,28.416,36.964,41.935,-31.282,-11.021,-15.972,33.957,6.223,-25.89,15.497
38.562,10.595,9.777,-3.459,-2.904,-39.452,-4.045,2.248,9.956,-2.868,-6.798,-12.352
38.746,47.877,13.093,15.878,26.082,-42.795,-9.459,-2.909,-0.691,4.248,0.674,1.79
37.826,34.452,19.993,16.038,-0.256,-30.064,-14.634,7.587,7.782,3.128,-12.681,-6.748
38.218,-5.708,9.928,-70.453,17.796,23.662,-11.427,19.335,7.857,14.298,-37.745,6.673
45.275,28.104,75.378,-33.33,34.801,19.316,3.325,-6.101,10.328,12.361,5.88,-16.663
48.781,38.716,135.093,-1.696,53.094,-35.59,50.209,30.724,26.169,2.349,5.156,19.405
46.995,77.809,69.378,39.332,35.4,-10.375,-16.133,-3.209,7.274,-2.108,-23.434,-4.979
46.281,21.8,54.433,-63.163,35.028,-15.516,12.587,1.997,21.888,11.336,9.402,17.422
49.741,70.45,54.694,-25.106,3.678,-36.985,31.844,5.659,11.57,3.785,-0.464,14.852
48.986,49.684,7.308,56.968,-11.758,-14.475,0.323,39.58,-7.656,-11.458,-48.084,12.246
48.289,77.764,-11.594,-49.659,-46.231,3.113,-12.412,25.61,4.781,17.285,24.514,-6.095
49.934,144.333,34.136,-22.069,-45.728,-20.764,-14.574,-0.452,-7.422,-3.741,-4.775,-22.642
48.236,101.413,90.605,-22.121,-22.926,-17.841,20.086,20.859,-1.592,-0.775,12.548,-5.509
49.04,99.346,50.27,47.816,-20.291,-22.151,7.805,19.734,-7.473,-3.597,-22.571,7.138
44.452,68.868,30.655,-28.611,-14.662,-3.445,-18.874,-14.501,-13.799,-14.221,-3.94,22.862
43.237,26.926,34.313,-1.147,17.539,-31.058,-23.601,5.796,3.629,-3.309,5.472,30.295
44.017,17.216,43.453,-1.963,9.51,-21.909,-4.961,2.601,-0.724,-4.231,1.365,47.154
44.071,9.636,61.145,-10.405,18.588,-20.965,-5.487,0.789,-4.463,-3.27,4.017,50.483
42.622,9.254,41.676,2.196,19.214,-28.071,4.251,13.899,-5.619,-0.89,-12.438,45.595
41.169,58.906,12.273,-12.125,10.022,-36.309,-3.483,3.442,25.976,-9.602,6.116,37.742
40.664,83.044,7.627,-15.93,-2.513,-40.225,-10.834,20.682,30.407,-4.109,1.357,29.114
39.408,67.255,-6.699,-19.835,3.608,-54.462,-5.293,-2.271,14.365,10.967,-10.263,17.568
40.58,50.392,-18.362,-32.852,21.232,-47.158,11.499,-9.383,48.005,13.869,-4.693,16.962
44.439,35.097,64.637,-53.102,53.079,-21.718,20.824,4.097,30.359,34.736,-0.484,18.413
47.353,58.384,60.421,-14.368,26.484,-20.267,-20.283,34.677,29.508,7.474,-20.876,0.546
43.947,16.071,46.449,11.733,23.304,1.162,-9.168,-3.861,5.721,2.709,-19.587,16.334
39.716,12.215,54.624,41.912,52.405,-65.891,19.212,-2.195,-4.933,11.229,-3.883,28.379
37.7,-20.385,66.033,3.271,12.482,-33.287,45.33,8.877,-0.265,8.819,4.34,28.161
38.271,-27.613,58.951,-0.654,43.952,-33.98,20.798,-1.04,-15.224,14.532,-2.458,35.562
38.426,-47.386,46.709,-19.64,37.459,-39.163,32.201,2.956,-1.275,0.357,0.573,31.536
39.735,-39.912,64.243,-14.605,64.938,-40.923,11.769,12.856,17.176,3.658,5.396,32.097
41.447,-29.607,66.334,-11.51,71.568,-31.969,3.825,-1.706,19.148,9.715,-5.058,28.296
42.503,-1.262,7.884,-51.188,-6.777,-4.279,-38.682,-1.318,9.2,-7.526,19.316,13.847
45.698,12.259,56.745,-20.194,16.915,5.672,-26.633,-0.463,-0.888,3.977,-38.418,18.295
45.071,109.362,28.809,-19.561,-24.213,23.476,-65.365,8.428,-3.963,-20.414,-13.689,-9.248
40.786,93.699,6.535,-26.145,-37.497,-13.781,-56.276,-17.437,-1.31,10.716,-14.158,-6.314
40.279,91.208,28.239,-18.441,-22.994,-24.564,-52.701,-11.947,7.645,2.626,-0.198,-17.182
40.297,18.868,28.275,22.038,5.113,-21.268,-32.667,2.743,-9.164,10.642,-10.796,9.601
36.098,14.457,15.607,-31.644,12.012,-19.198,-29.379,2.547,-4.241,-24.378,3.676,-12.963
39.829,23.912,19.602,-7.69,39.053,19.659,-4.559,1.958,2.073,-4.824,-14.781,-8.608
43.971,36.216,13.251,2.383,-0.101,54.453,-21.86,-0.167,-4.794,-28.456,-20.08,-5.062
48.651,49.669,67.673,-2.562,31.182,-12.909,-5.141,-10.685,-4.308,7.323,13.657,-11.482
49.568,22.093,91.323,36.406,45.885,-18.076,45.659,3.582,12.526,6.679,-32.2,9.985
43.057,-15.667,52.857,10.799,38.82,-41.125,20.76,1.268,19.668,16.854,-5.049,24.8
42.034,7.076,57.145,18.263,32.697,-69.621,40.122,-8.222,15.844,7.183,-18.694,17.73
41.069,-30.399,57.5,4.936,29.186,-28.259,15.873,2.572,6.926,1.736,-0.026,27.798
39.94,-44.358,50.127,-5.92,22.187,-42.232,15.321,9.108,3.223,0.455,-6.83,30.181
39.976,-42.59,32.044,-19.442,21.142,-30.906,10.834,1.475,-6.257,5.951,5.073,23.318
39.616,-39.875,32.931,-5.763,26.589,-38.166,13.13,9.873,3.867,-3.656,7.808,29.309
39.255,5.594,19.587,23.588,38.726,-68.389,-15.881,-22.932,-5.354,14.223,-8.615,8.838
37.602,-38.905,-2.719,-31.38,10.098,-45.678,-13.028,11.161,2.275,3.212,10.816,5.781
40.01,-20.242,-0.423,-22.113,-3.634,-35.447,-36.391,6.361,-19.447,-7.47,17.812,-17.013
37.494,65.175,-27.428,-11.998,38.165,-33.634,-9.549,-21.033,17.702,-16.707,-14.728,-13.489
38.074,31.552,3.942,-26.793,-29.105,-5.16,-42.899,-9.886,-3.987,-5.974,-12.014,-10.92
39.105,-22.266,35.72,-6.844,19.137,-33.662,-11.227,27.754,25.057,12.026,-8.196,-9.974
37.509,51.204,4.808,-34.016,-23.315,-16.977,-38.293,-3.972,-14.684,-3.005,1.409,0.819
37.566,25.173,-1.944,3.691,-2.065,-43.679,-5.431,-11.937,17.05,11.888,-9.451,7.655
35.908,17.182,20.521,-16.48,6.287,-25.91,-0.818,21.629,9.826,9.696,-14.751,19.004
39.241,26.905,2.809,45.384,38.374,-19.861,33.466,0.446,5.068,7.445,-2.094,28.26
37.688,38.221,19.2,46.296,27.068,-23.231,13.32,4.779,-9.22,-17.392,1.021,42.836
40.529,-15.903,-5.832,-28.537,28.943,-36.937,65.306,7.723,-6.7,-1.864,15.915,25.412
42.147,-3.043,41.42,-16.341,23.274,-46.383,29.732,14.003,-37.18,-11.703,3.094,0.519
44.262,21.475,96.277,-24.571,12.904,-22.924,45.504,16.33,-44.97,1.388,3.682,4.266
46.458,46.243,70.143,22.286,34.315,-38.735,38.366,12.605,-19.679,-2.248,-12.589,8.655
43.505,19.312,69.653,-24.599,8.904,-19.671,18.002,10.978,-24.686,-9.489,-0.208,4.11
44.15,18.735,73.138,19.097,16.467,-21.991,-2.058,9.898,6.045,5.328,-21.148,5.489
42.533,36.364,55.472,-48.581,-8.864,-16.004,-39.255,-4.855,-8.063,-5.686,10.221,-6.373
44.107,58.761,56.101,0.682,-10.587,-18.22,-54.495,-10.359,-16.917,-9.504,-2.431,-9.445
42.674,36.038,40.029,3.264,3.813,-19.773,-36.087,-14.227,-15.039,-1.569,-16.696,-2.15
41.534,45.319,34.948,-21.2,-8.185,-23.65,-47.205,-1.265,-10.197,-1.39,2.158,-1.139
41.295,10.297,30.416,-72.447,20.438,-24.381,-14.718,-0.574,7.439,8.78,10.269,16.296
44.881,26.214,42.813,9.746,58.123,-21.642,-14.498,5.028,30.15,10.506,-12.81,35.15
48.066,17.453,94.446,-41.864,45.574,27.614,-1.649,4.41,0.594,8.407,-5.052,-14.563
41.423,19.93,13.107,30.014,-1.357,-10.547,-9.559,8.441,14.019,-24.345,-34.989,2.406
36.176,21.175,-18.515,-33.585,14.288,-28.481,3.425,-17.44,3.886,-6.344,-2.16,13.942
41.361,29.847,17.281,3.266,-0.304,-28.767,-9.497,-17.791,-16.838,-1.301,-11.256,5.219
39.762,1.753,6.028,-22.14,5.756,-24.565,-13.605,22.73,5.644,2.423,1.85,6.508
39.67,33.453,-10.131,-38.233,-8.104,-32.639,-12.462,1.373,27.727,2.208,-3.579,23.522
42.324,50.299,12.533,-68.881,-7.016,-30.73,-1.198,-19.984,3.355,5.225,0.204,15.089
45.523,25.781,62.907,-0.854,-0.14,-39.455,27.799,-2.945,-32.937,-10.485,-8.321,0.304
46.581,34.219,80.022,8.214,19.263,-23.949,33.259,16.064,-10.459,-13.066,-12.414,11.848
46.164,40.957,72.328,5.974,10.617,-22.097,26.421,5.393,-27.282,-11.355,-19.76,29.436
45.656,31.547,75.599,-10.28,2.384,-21.239,18.421,0.049,-8.881,3.971,2.606,8.957
45.553,28.858,49.802,44.992,8.876,-29.173,-10.665,19.747,-2.77,-8.579,-18.004,10.799
42.268,56.717,53.699,-28.538,-2.641,-6.048,-60.178,-3.05,-23.244,-7.064,-3.369,-8.806
42.79,60.733,62.969,-10.026,-7.23,-8.393,-68.362,-8.457,-33.04,-11.291,3.464,-12.428
42.555,50.592,19.74,-7.158,8.276,-36.714,-36.8,-10.584,-16.721,-0.368,14.812,-8.63
42.524,50.028,14.982,-28.532,-5.297,-19.691,-43.25,-3.458,-15.726,0.397,-0.832,-3.032
44.404,14.276,35.91,-44.838,18.933,-10.234,10.437,20.112,13.873,-3.723,12.329,27.602
45.907,44.693,36.141,-9.823,23.147,-26.646,-7.321,-4.724,22.889,24.771,-12.193,19.955
48.002,13.414,93.135,-30.3,39.643,3.459,5.269,-14.78,-6.444,19.736,-11.883,-16.21
42.196,19.765,21.574,-2.053,17.984,-20.947,-23.907,18.878,27.497,-30.942,-24.939,-13.414
38.662,-15.712,-1.16,-18.039,7.441,-46.78,-12.693,8.86,13.044,-14.424,-10.736,4.56
38.174,2.023,3.461,-17.228,-2.622,-24.889,4.406,23.24,9.106,-10.828,-12.091,6.273
39.391,43.275,16.291,-20.597,25.845,-4.425,5.088,10.024,1.209,4.354,1.894,13.877
42.295,38.402,12.344,-87.246,-6.488,2.399,-36.779,-13.663,18.339,-7.797,-0.015,7.2
50.126,68.798,62.298,-38.695,3.085,21.702,-67.126,-8.636,5.934,-20.471,13.772,-40.256
50.975,53.311,50.756,-14.259,8.979,-21.402,-44.265,-15.976,12.3,-3.155,-16.002,-26.23
49.987,54.961,50.554,0.826,2.36,-17.778,-51.878,-7.538,6.875,-8.459,-17.305,-27.361
48.91,38.549,54.423,-5.691,0.513,-19.922,-34.474,-14.964,2.672,14.212,-7.092,-35.376
48.557,64.873,57.139,-9.144,5.604,-16.445,-56.75,-15.202,-3.301,-7.71,-2.309,-37.151
47.313,30.745,29.748,-0.49,25.977,-27.637,-46.251,16.92,11.435,-5.222,-13.725,-21.966
47.82,64.219,66.655,-49.001,-9.308,11.781,25.62,-12.386,-7.328,2.728,17.471,-0.616
50.12,44.535,86.519,17.821,3.163,-37.224,29.882,30.258,13.011,6.802,-13.832,-3.264
48.748,64.288,75.936,-5.991,21.618,-17.315,-39.301,-37.563,4.39,18.054,-13.408,-30.716
49.411,23.264,90.421,23.41,48.157,-14.865,2.482,3.228,10.028,-0.276,-31.27,-12.646
46.19,49.068,88.632,-24.296,32.456,-21.778,28.631,15.55,14.13,-6.163,-0.4,21.035
45.956,49.124,58.728,58.399,15.195,-39.766,26.189,9.002,0.892,-0.738,-14.033,43.462
40.568,17.548,32.236,-4.213,-9.145,-43.716,-0.527,-4.707,-5.703,13.053,-10.685,7.931
40.232,34.688,14.042,34.731,8.219,-37.129,-11.663,-1.326,0.109,11.916,2.032,-9.953
38.13,46.706,43.177,-5.905,9.297,-16.066,0.231,-3.298,3.849,-9.482,2.109,2.429
43.951,27.983,-9.652,17.757,2.114,31.868,-19.258,2.683,1.759,-21.553,-8.873,-7.831
46.8,-12.904,76.188,-53.846,46.702,10.292,28.284,14.666,-17.262,11.266,18.685,15.829
51.598,51.379,125.733,12.67,14.819,-19.962,38.302,19.997,-7.463,1.982,4.22,22.534
50.042,69.671,101.31,29.75,-3.68,-22.184,29.785,6.868,-12.87,1.194,-19.357,31.536
46.606,97.293,9.504,42.698,4.991,4.488,-41.939,15.31,-13.027,-13.666,-19.229,-19.405
42.133,20.688,20.069,-52.661,-1.693,-18.944,-24.609,5.238,-1.43,-3.307,3.648,13.858
48.393,59.065,48.831,3.027,38.832,0.252,6.516,-20.924,28.334,11.063,-14.451,33.577
47.964,74.07,52.667,10.313,15.101,23.839,-25.777,-1.85,-2.789,-25.696,-13.713,11.149
47.151,52.597,79.982,-82.401,19.599,3.236,18.881,41.248,9.195,1.111,-1.732,20.332
49.886,89.19,67.651,1.176,12.271,-28.36,25.845,-0.027,-3.537,2.11,-12.246,26.498
50.473,65.776,37.886,-12.081,-3.867,-35.555,9.127,0.321,-7.16,21.075,-1.197,16.557
48.829,50.22,9.756,46.509,-3.459,-20.04,-5.801,-1.07,-7.827,0.774,-29.019,13.977
44.783,7.454,-34.057,53.93,-1.968,-46.873,5.549,0.808,7.796,25.374,-2.495,-11.927
49.144,31.406,43.147,-37.527,17.314,19.392,39.344,34.389,20.823,8.272,42.331,0.429
47.16,82.237,25.086,-3.92,-26.459,22.946,-13.601,-11.695,-0.155,-4.49,-25.981,-0.575
47.098,1.745,80.781,-59.551,45.544,-17.961,20.649,12.454,2.466,19.244,20.795,2.116
50.602,62.572,121.244,25.283,43.183,-31.422,30.8,13.496,19.481,9.557,-13.558,0.173
48.072,136.826,68.886,-17.271,-20.907,-18.911,-52.135,7.025,7.656,3.866,-3.261,-20.27
46.055,119.626,32.8,25.178,-21.395,-4.693,-56.053,-23.157,-12.29,3.737,-23.404,-12.562
41.504,51.851,32.44,44.528,30.155,-23.843,-7.081,5.39,-0.854,-7.702,-6.548,-2.638
38.293,25.273,38.972,-21.636,38.859,-30.862,-8.383,-1.416,6.053,0.795,-6.484,1.43
41.7,-6.45,25.654,-51.276,31.871,-38.174,-6.929,-17.364,7.936,23.068,-1.213,17.704
48.886,1.258,66.259,-63.451,30.57,-14.618,27.061,35.654,-1.185,-12.133,18.633,-18.443
51.035,67.088,116.307,24.027,27.555,-33.263,57.16,13.663,20.177,1.172,-15.831,0.621
49.221,98.329,83.438,19.399,16.371,-41.276,9.587,25.412,12.783,1.796,-10.089,-8.947
47.95,133.366,23.341,-18.73,-30.309,-19.901,-61.824,-6.797,-3.421,10.278,-7.66,-29.825
47.006,81.324,35.355,18.239,-6.413,-29.35,-27.598,4.809,7.306,12.108,-12.296,-0.696
41.515,36.66,26.76,6.623,10.647,-21.625,-19.254,-8.516,3.826,-1.005,-30.032,1.365
40.258,71.873,35.01,-1.749,28.928,-40.555,16.623,-15.35,6.732,24.672,-10.568,8.174
40.99,-6.295,27.788,-38.55,45.319,-28.638,-13.513,0.757,-7.654,14.819,4.934,27.066
48.788,31.646,78.939,-52.771,37.697,-6.695,40.065,49.568,4.75,-4.349,12.425,-5.767
49.606,127.294,81.05,23.455,12.737,-29.623,24.506,12.704,-7.485,6.679,-14.626,9.902
47.308,136.115,47.741,-18.261,-12.231,-23.038,-34.732,-9.85,-3.313,6.304,-3.857,-14.87
46.519,100.14,28.155,-18.763,-3.619,-29.921,-33.154,-2.741,18.839,8.096,-12.798,-18.308
46.691,82.4,43.269,-15.456,-2.685,-32.212,-3.989,0.652,1.426,16.951,-3.309,17.517
47.007,87.099,62.836,22.922,25.017,-39.847,10.253,1.725,0.761,-16.084,-0.975,63.883
47.32,70.258,73.043,9.484,23.286,-34.621,24.538,18.451,-0.387,1.528,-7.485,53.685
44.772,54.551,29.24,38.669,34.28,-61.926,27.86,12.138,1.952,24.949,-8.494,45.257
42.329,62.883,40.339,-24.155,28.426,-18.872,41.102,8.949,10.929,14.379,-9.112,40.213
43.992,37.373,23.629,-15.379,41.631,-41.125,52.547,-0.05,15.16,16.147,1.499,43.317
48.803,45.015,74.53,-42.411,29.657,-26.985,46.257,36.524,6.963,9.196,10.47,10.033
50.881,117.271,104.419,11.567,28.376,-37.416,59.697,8.219,8.696,7.811,-6.46,15.969
51.264,94.358,95.967,15.598,26.267,-41.991,51.068,0.31,3.565,9.083,-11.018,24.669
50.836,53.791,89.967,20.271,17.043,-39.635,41.39,18.536,11.998,13.12,-7.399,-10.495
51.078,88.208,45.33,-24.162,-27.466,-13.069,-22.834,1.146,-8.019,10.109,-7.1,-36.615
51.256,85.125,32.846,-3.196,-24.715,-21.263,-45.513,-1.823,-11.242,-1.804,-2.054,-33.899
50.246,98.042,54.305,-18.884,-27.022,-24.077,-32.388,-8.331,-6.899,14.697,-7.51,-34.72
46.936,97.756,50.177,61.849,-0.842,-26.447,8.552,-3.316,-16.263,10.759,-33.049,22.134
43.237,17.437,25.622,-33.075,48.344,-24.761,-4.721,-6.112,4.312,29.69,-6.065,9.784
46.631,3.896,83.336,-34.954,41.765,-25.136,10.152,14.975,-1.108,11.87,3.914,-0.693
49.858,86.71,114.573,-1.394,42.292,-32.922,36.425,15.991,10.248,-0.311,-3.576,20.019
51.034,65.708,97.843,14.099,13.66,-35.667,50.732,15.648,-4.528,3.999,-11.968,14.134
49.913,57.25,93.376,13.623,38.264,-43.059,40.895,2.163,-7.835,13.711,-12.481,22.475
50.152,72.338,75.539,9.905,26.763,-40.018,43.678,10.108,-2.184,3.662,-11.049,17.459
49.0,67.696,104.187,12.257,28.3,-31.115,52.558,9.169,-8.127,0.954,-0.794,12.898
48.518,79.552,69.829,30.426,39.31,-43.783,5.802,21.04,2.644,-2.032,-4.538,3.224
46.585,92.181,56.164,-24.881,1.755,-15.958,-3.402,-3.642,-7.662,22.742,-16.438,-7.019
47.345,116.362,35.554,-24.404,1.778,-23.329,-38.481,-11.62,1.569,12.491,-8.471,-18.644
47.687,88.208,37.455,-12.306,2.331,-24.144,-29.492,-9.422,7.196,13.779,-9.4,-11.328
45.604,56.854,48.315,75.344,36.548,-35.702,-16.856,-8.589,13.046,6.659,-21.254,-2.036
41.911,42.421,-8.754,-19.353,2.163,-24.268,9.841,-9.97,7.338,-6.676,-7.99,-3.059
42.833,31.55,70.757,-74.71,27.334,-33.676,7.427,-37.129,-10.786,9.705,18.137,15.521
49.598,-0.176,59.61,-27.456,40.939,-41.609,50.151,14.891,-14.507,0.51,4.411,-20.787
51.685,32.944,103.325,13.66,46.069,-36.312,53.875,1.693,10.088,-2.605,-10.544,-28.364
50.919,37.384,131.804,29.967,33.26,-37.956,55.995,9.899,0.563,1.758,-18.946,-30.714
50.461,50.845,146.162,38.238,26.564,-35.311,50.53,19.977,-13.057,6.351,-5.762,-31.419
50.864,62.606,108.276,19.517,2.736,-42.123,40.489,44.836,-11.192,1.621,-0.662,-17.431
50.93,90.589,91.34,14.893,19.586,-25.61,31.93,-13.787,-6.696,-2.652,-18.229,-4.747
51.189,59.986,110.252,14.483,21.803,-26.848,40.03,16.814,-7.502,4.914,-17.561,-16.817
50.545,76.385,123.716,24.798,29.584,-33.6,35.999,-4.563,-17.167,8.944,-3.556,-12.392
50.53,42.324,128.47,21.106,5.961,-20.862,38.003,8.821,-15.924,-1.295,-10.664,-21.428
50.976,60.277,112.345,25.811,19.35,-31.927,37.02,4.729,-10.353,-6.907,-12.235,-16.417
50.951,60.841,92.502,-10.075,5.978,-31.781,28.265,11.354,-1.982,-19.639,-10.986,-17.184
50.696,41.193,115.523,10.452,32.939,-25.54,4.902,3.336,-2.861,-5.181,-8.606,-48.689
51.335,80.151,86.527,33.173,45.707,-23.466,-9.19,-23.418,19.41,-5.726,-12.288,-28.28
49.939,91.812,69.415,-26.089,23.086,-33.355,-25.141,2.113,16.689,0.732,-1.885,-14.82
51.003,129.029,51.427,-3.187,5.047,-32.727,-19.95,-4.154,13.082,5.91,-16.471,-6.395
49.912,118.852,50.342,-7.004,4.832,-24.907,-22.943,3.434,9.621,11.671,-1.954,-9.923
49.347,80.789,37.241,27.366,21.636,-28.06,-23.043,-9.29,10.02,-6.875,-17.844,8.334
46.248,95.223,-4.184,-6.455,18.304,-31.687,-26.139,-6.341,5.403,-8.422,-2.893,15.979
50.673,29.076,103.73,-26.496,68.593,8.138,14.957,27.17,1.139,4.921,9.557,1.202
52.22,41.101,113.504,20.273,47.573,-41.752,31.314,9.813,-11.444,4.492,-6.607,-7.108
51.697,14.042,96.622,3.089,32.464,-48.939,29.439,14.909,2.023,16.161,-3.573,-15.853
51.478,25.152,103.123,14.874,38.94,-44.335,36.992,15.387,2.863,1.823,-4.724,-16.664
52.053,31.326,106.443,10.312,43.606,-27.042,21.096,-0.377,-22.094,6.157,-9.628,11.261
52.044,21.945,100.943,28.615,47.336,-26.683,21.449,5.56,-20.709,-8.074,-7.27,9.331
51.261,27.744,89.113,13.839,33.008,-43.615,41.824,19.766,0.072,-8.218,-9.418,-25.054
50.097,-7.951,90.567,33.645,24.296,-49.52,39.661,5.635,-8.864,-15.408,-0.689,-28.278
49.814,-8.97,81.8,31.175,21.107,-41.715,53.007,3.175,-13.009,-8.82,0.841,-30.319
49.274,-9.456,89.249,17.806,30.431,-25.994,45.748,-14.377,-3.038,-17.273,7.797,-26.049
50.328,-4.394,70.454,30.056,13.155,-52.079,37.136,-16.789,-19.038,18.346,12.388,-18.32
49.742,0.401,107.94,5.061,27.747,-35.131,38.266,17.632,-3.219,-5.063,-6.601,-18.565
50.283,11.854,34.114,3.909,27.087,-19.906,15.814,3.234,20.512,6.302,-18.205,-20.784
49.008,52.868,37.354,-55.37,-7.188,-30.266,-25.866,1.433,8.701,-10.383,3.916,-14.906
50.555,34.683,12.314,-18.72,27.75,-18.192,-18.54,-25.836,5.628,1.179,-15.904,20.446
49.138,6.866,11.397,-32.048,61.429,-28.173,-76.279,-13.698,0.749,0.833,1.11,26.482
48.199,-6.118,-13.919,-23.572,41.075,-45.45,-45.897,-26.218,7.201,-4.765,-5.723,11.137
47.646,-1.685,22.171,-36.376,41.707,-37.362,-63.709,0.602,-3.185,-5.359,10.091,15.262
48.672,1.048,1.086,-24.92,30.13,-38.248,-44.573,-1.999,-12.672,4.414,0.166,17.718
47.904,14.797,18.894,-26.727,49.981,-32.168,-55.711,-14.693,5.612,0.986,11.758,28.229
50.048,20.83,43.251,-28.14,41.066,-16.809,-46.504,5.355,-4.655,-10.571,20.098,20.018
50.422,33.537,2.653,-5.819,44.89,-28.529,-40.995,-13.646,5.406,-14.914,-0.776,17.713
48.665,24.344,-1.054,-27.403,36.763,-47.796,-35.941,-10.399,0.404,-15.98,-0.957,23.151
46.91,12.459,19.283,-35.304,44.788,-32.993,-51.795,-2.047,10.197,-2.82,8.426,30.201
48.091,-5.981,18.463,-18.841,49.263,-34.373,-46.512,-3.19,3.298,10.773,7.032,6.924
47.591,-11.295,12.769,-26.923,44.187,-33.474,-36.428,-12.654,7.075,11.865,0.331,20.625
48.766,25.951,48.902,-14.159,43.966,-20.738,-30.843,-1.187,-16.406,-13.989,8.909,18.948
49.122,31.79,27.85,-8.324,14.839,-27.868,-17.74,7.801,-2.997,-5.332,21.507,25.731
48.603,38.476,9.384,-14.614,17.531,-30.318,-27.697,-0.372,0.62,9.988,9.617,23.241
48.934,22.119,3.728,-7.582,14.497,-50.451,-49.259,-2.242,-2.769,17.688,6.185,17.098
48.554,43.703,25.05,-32.882,38.756,-26.109,-57.834,-14.065,17.161,6.269,4.933,39.367
49.649,36.826,22.476,-26.564,34.498,-30.34,-41.533,-6.349,3.533,-2.307,2.783,20.311
49.01,18.681,20.714,-21.834,30.41,-16.286,-37.98,-6.926,-11.075,7.994,6.967,16.245
48.271,23.398,23.764,-18.34,33.381,-39.372,-38.527,0.744,-5.599,-3.186,4.846,28.249
48.214,44.356,25.724,-29.169,64.574,-35.042,-34.178,-0.926,9.059,-18.305,10.601,50.836
50.766,63.092,-0.488,-33.28,49.62,-17.009,-24.549,-8.101,3.191,-8.422,0.373,17.742
49.245,32.615,-7.87,1.191,10.266,-69.057,-37.707,0.132,-6.699,15.489,-6.912,18.077
47.447,20.724,3.02,-7.057,31.47,-15.784,-22.006,-4.33,2.39,-4.917,-16.91,20.371
49.724,30.439,17.848,-9.732,-18.442,-76.16,-3.398,-3.325,-17.729,18.4,-11.167,30.207
47.987,24.975,18.406,22.102,5.428,-43.286,2.108,31.566,-16.163,-9.657,-12.769,24.287
48.439,73.355,-2.123,-50.805,21.894,14.611,8.39,9.521,15.345,-0.799,-6.835,11.143
45.765,40.255,9.297,-28.23,3.114,-39.65,14.451,9.054,8.883,8.327,-13.179,17.912
45.943,50.147,15.289,-17.942,2.845,-39.623,13.768,0.905,14.373,16.139,-5.073,9.67
46.127,38.793,27.325,-32.298,7.044,-40.532,-3.554,1.972,10.662,8.047,1.912,9.374
47.256,54.565,16.481,-31.758,-14.68,-39.233,7.947,-2.558,12.919,18.788,-0.337,7.237
48.001,45.67,4.295,-37.248,-6.205,-31.537,0.9,6.172,11.465,2.644,-8.076,-4.413
47.74,58.734,-3.26,-27.551,-15.477,-20.766,-6.758,-4.651,1.046,4.891,-11.766,19.146
48.678,65.501,17.613,-46.556,-11.595,-24.529,-3.256,-5.177,-1.629,6.685,-0.022,2.554
50.422,59.234,22.234,-25.369,-13.905,-37.36,4.981,0.69,0.818,2.2,3.753,19.599
50.193,68.22,35.839,-25.669,-6.417,-36.362,23.956,9.166,-1.389,2.833,-3.217,18.052
50.764,63.255,18.882,3.248,-0.419,-41.627,15.55,6.03,5.699,6.076,-3.437,15.093
50.286,73.67,2.941,-16.811,4.751,-34.687,-6.131,7.674,-2.15,4.174,-6.923,7.983
50.187,68.482,13.023,-18.085,-8.585,-36.518,6.982,5.764,-0.461,4.635,-6.133,13.759
49.905,55.042,20.689,-7.233,4.189,-28.615,6.652,-1.137,6.882,12.1,-20.142,1.083
50.086,71.911,29.967,-41.963,-0.029,-33.573,13.699,11.172,-3.156,-3.656,-4.349,0.054
48.774,138.273,20.125,25.71,15.967,-25.124,-13.611,41.75,15.655,-16.486,-2.607,-0.18
43.848,214.342,128.377,27.113,29.03,-38.57,-3.074,-2.5,11.829,8.685,0.029,18.915
44.654,220.191,127.848,30.174,34.961,-21.234,4.777,-7.144,10.718,13.831,-11.9,8.155
42.637,197.562,142.138,19.923,56.064,-31.642,26.332,4.656,-32.341,-2.128,-8.174,-11.343
44.277,196.013,160.637,36.539,68.278,-36.058,-14.415,-8.396,-22.242,5.537,-15.232,-14.143
43.772,194.529,155.5,27.224,67.818,-31.349,-0.555,27.893,-27.37,-1.479,0.706,4.415
42.241,221.302,153.224,52.806,69.172,-26.57,-8.848,-16.256,-21.733,-1.833,-13.274,1.315
39.135,199.092,132.631,58.212,62.222,-37.721,-1.439,5.673,-42.68,-10.536,-3.592,-6.748
35.266,212.227,159.14,27.455,73.604,-29.178,-3.238,3.046,-41.831,4.141,-5.069,-16.766
