0.0,171.13,9.469,-28.48,57.491,-50.067,14.833,5.359,-27.228,0.973,-10.64,-7.228
38.256,-2.063,-20.466,-61.957,50.808,122.685,14.618,13.175,8.163,9.06,84.496,-21.911
43.951,34.787,-24.912,11.521,18.164,-25.722,-18.433,-6.889,0.496,-1.972,4.869,-0.985
44.918,100.433,-29.507,-31.766,6.632,-55.592,-20.005,17.984,34.255,-8.909,-18.428,-6.809
44.083,66.679,-35.393,5.759,23.311,-49.201,-44.667,9.441,18.168,0.699,-7.837,-9.064
39.856,46.393,-57.811,-11.456,17.029,-50.28,-43.278,0.311,18.974,29.857,1.093,-2.774
39.05,37.036,-64.331,16.057,1.103,-42.778,-24.421,24.832,16.161,20.531,12.023,-9.282
40.949,32.802,-9.668,-46.889,38.324,22.201,-1.791,2.136,5.155,22.817,-16.772,1.603
45.15,51.311,-7.697,17.533,26.079,-52.113,-30.564,-0.473,-0.412,-14.788,-5.014,0.273
44.323,55.808,-17.875,-36.725,6.979,-58.841,-18.055,14.213,22.691,9.34,-25.488,6.087
43.586,41.052,-42.508,19.81,15.719,-35.856,-25.214,-17.776,7.676,2.265,-11.935,2.013
39.364,-4.15,-41.875,1.385,12.245,-84.083,-4.344,1.319,0.285,22.371,-26.393,-16.185
42.704,30.709,-36.677,6.162,28.937,-17.688,-6.616,0.245,7.094,1.221,11.028,-9.99
43.803,46.352,-35.207,2.143,25.549,-9.142,-8.559,-5.647,3.277,-0.514,5.679,-3.904
45.736,111.39,-24.442,-32.839,6.511,-38.796,-28.378,34.632,25.121,3.072,-29.426,-6.508
44.419,91.222,-35.884,-15.255,36.731,1.475,-42.63,22.16,9.81,34.322,-9.532,8.048
41.149,65.501,-54.679,-15.686,6.483,-50.375,-35.708,18.568,8.239,35.914,5.149,-13.927
42.283,36.067,-39.389,1.37,11.54,-44.063,-15.028,15.409,5.151,22.565,-6.288,-9.332
38.7,39.714,-72.905,17.119,2.824,-24.573,-37.931,16.179,18.89,35.792,8.919,-10.106
43.801,44.138,-27.39,13.3,36.977,32.43,-19.801,-0.584,7.924,2.28,31.828,2.903
40.802,4.262,-40.641,-30.89,11.945,-75.608,-17.104,-2.574,0.503,-3.755,-7.326,-21.983
41.326,-3.013,-33.974,-7.979,17.323,-70.811,-4.082,-2.948,11.188,3.123,-17.988,-18.431
41.144,2.613,-31.687,-9.078,4.792,-81.719,-24.604,-10.98,0.433,11.018,-7.136,-12.335
44.559,19.056,-26.064,2.392,23.596,-45.483,-31.501,5.208,-1.114,3.405,2.447,12.71
41.812,27.132,-36.202,-13.437,2.65,-69.233,-7.713,-10.624,8.662,12.644,-3.037,-10.267
44.025,35.088,-51.925,1.699,0.574,-65.714,-31.717,-6.353,10.079,3.637,-19.137,-0.117
45.257,33.054,-24.161,-32.506,17.068,-28.2,-14.501,-6.11,11.504,5.867,4.808,0.329
46.267,42.751,-14.814,-12.787,6.265,-61.549,-27.31,-5.223,12.612,-4.077,-10.188,-7.029
45.369,61.521,-26.876,-13.914,-9.914,-60.743,-33.444,0.9,12.534,-0.877,-8.02,0.637
43.013,76.516,-36.973,-10.308,-10.009,-63.317,-48.443,5.777,8.312,-16.839,-2.942,2.837
42.963,112.263,-54.563,-48.884,-16.536,-71.116,-41.071,29.028,19.257,22.066,-26.358,9.077
44.156,89.013,-52.338,-24.626,28.96,11.077,-33.971,10.672,9.667,44.913,-22.589,1.736
42.344,89.58,-72.74,20.617,-13.612,-62.319,-65.002,19.422,4.537,-15.975,-25.682,10.404
38.468,49.85,-107.702,28.222,-39.346,-85.764,-51.832,18.454,16.168,22.718,-22.817,-5.894
39.744,40.191,-33.809,-95.133,-19.606,40.39,-4.788,7.031,5.784,32.822,-18.033,-16.327
44.217,52.873,-42.051,47.584,30.43,-39.849,-39.476,-5.03,2.237,1.632,-6.86,2.769
40.584,63.846,-38.421,0.171,-23.564,-35.131,-5.579,6.882,11.462,-20.07,-22.809,3.487
40.527,23.738,-64.696,17.359,-1.773,-62.264,-24.14,-11.194,-7.561,37.763,-26.737,-4.029
41.634,35.23,-0.96,-104.513,34.416,38.603,0.536,11.213,11.963,-2.423,-1.432,-9.994
42.149,59.377,-79.714,29.421,-3.285,-74.456,-62.422,12.831,14.643,-21.179,-28.421,-4.354
42.225,13.8,-22.883,-8.474,-16.678,-70.107,-7.197,-30.83,-4.812,18.863,-23.066,-8.547
43.369,27.487,-2.201,-29.295,30.546,-8.768,-13.368,-3.665,11.568,-9.212,-16.554,0.934
44.287,50.569,-34.699,31.958,15.855,-71.835,-40.918,0.713,4.312,-13.784,-19.472,9.354
39.27,-16.45,-18.32,-21.769,19.45,-72.678,-15.746,-6.009,-20.104,9.779,-15.308,-20.164
42.312,30.755,-30.547,-6.199,-10.355,-12.304,4.152,-7.871,2.401,18.146,18.971,-7.698
42.655,30.031,5.394,-27.182,11.686,-29.274,-10.973,-6.695,-8.993,7.953,-2.119,14.067
42.81,33.828,-21.795,-10.66,23.083,-43.225,-11.559,0.691,11.861,-11.807,5.174,5.354
43.68,41.438,-14.748,-8.339,19.343,0.215,0.997,18.696,6.05,-18.466,0.794,-7.392
39.652,3.015,-63.999,1.136,-8.124,-93.781,-6.77,-6.34,3.875,-0.536,-19.168,-11.094
39.278,-22.296,-61.996,-20.798,13.031,-64.68,0.415,-6.187,-6.802,13.512,-11.135,-11.771
41.901,29.15,-39.724,-40.888,45.189,28.849,-18.169,36.534,8.089,-28.786,-18.602,-1.424
37.514,3.319,-75.562,-5.187,-1.366,-84.669,-18.737,0.861,4.811,-5.052,-17.755,-6.322
42.322,48.205,-35.094,-14.832,-18.958,-24.834,-6.647,-11.384,-2.577,26.672,20.499,-8.562
43.789,32.912,-40.479,-0.087,25.183,-42.197,-25.784,-6.085,2.441,-14.692,-4.36,5.094
43.648,56.516,-47.715,20.645,5.753,-70.774,-53.789,1.897,-9.255,-18.565,-14.503,12.692
39.583,3.997,-63.037,0.235,-17.148,-88.289,-20.112,-3.464,-5.678,3.994,-21.047,-11.581
40.129,2.885,-51.096,-21.517,5.458,-15.493,9.94,-2.951,-11.401,10.319,3.807,-20.812
42.046,49.712,-45.404,13.168,21.823,16.814,-31.785,45.077,14.03,-16.115,-1.552,-8.704
36.791,6.415,-90.62,9.967,-23.515,-97.843,-24.653,16.389,-16.912,2.8,-18.899,5.553
38.842,41.293,-92.501,-9.591,-7.041,35.549,1.659,-27.712,-4.293,35.95,-4.244,-0.336
35.386,-14.726,-106.666,-50.768,45.539,-44.314,5.872,-4.99,15.764,4.754,-8.524,11.074
41.993,15.828,-49.843,-44.579,44.943,52.426,-8.879,9.541,11.618,-0.836,-3.642,-10.774
43.317,64.793,-73.574,33.378,9.585,-66.302,-68.251,20.411,9.217,-14.816,-17.255,0.186
38.122,53.298,-125.705,29.791,-7.676,4.349,-45.576,5.503,3.849,26.46,-6.49,-8.111
40.035,34.891,-44.198,-90.698,-7.217,50.308,2.683,1.169,13.07,18.127,-18.555,-1.786
42.803,76.473,-67.214,54.459,2.124,-24.753,-64.587,37.096,8.442,-13.836,9.96,-5.0
41.132,68.156,-21.641,-34.604,-14.458,16.764,-9.093,23.192,-7.78,37.292,1.936,-5.686
42.051,52.502,-48.079,-5.075,-5.159,-88.271,-13.118,-6.899,-1.932,22.58,-9.26,-6.994
43.566,19.583,-14.959,7.751,39.132,-29.761,-9.721,6.512,-3.722,8.805,-22.664,24.227
45.63,42.016,-12.893,-12.303,24.173,-5.406,-37.064,-12.96,-8.323,1.942,0.68,5.264
43.449,64.642,-55.696,33.456,-4.411,-72.324,-62.311,12.118,-2.093,-15.078,-25.535,-4.552
42.994,18.573,-32.385,-7.76,4.685,-21.801,-7.272,-40.328,-10.123,37.57,15.847,-14.47
43.262,14.375,-8.181,-37.559,25.137,-25.917,-0.176,17.396,6.674,-18.062,-16.16,-2.861
45.159,41.867,-18.695,25.534,36.874,-63.052,-45.706,-11.966,-0.462,-2.099,-5.303,3.312
41.333,2.824,-17.665,-15.527,-2.302,-78.982,-10.677,-10.005,-2.442,2.102,-13.573,-15.397
42.056,36.55,7.381,-57.285,18.309,-17.663,-3.002,11.585,-8.959,-12.776,-1.313,-11.578
47.625,80.791,68.875,-47.549,36.209,18.742,10.373,0.543,13.434,-8.849,-13.275,16.96
49.716,55.504,52.428,-8.295,50.184,-46.059,-33.284,9.097,29.747,1.271,-0.487,22.497
50.05,41.525,36.373,-7.343,29.908,-42.203,-6.895,-6.249,16.082,8.486,-3.789,-0.205
48.055,66.284,31.152,-15.444,36.433,-30.579,-19.1,-11.161,43.801,23.934,-12.243,5.3
47.849,70.197,30.3,7.907,22.201,-22.239,-42.662,0.545,-6.122,-3.255,4.119,-0.841
49.36,99.029,70.358,-88.67,-9.578,-36.667,1.866,10.078,-4.762,10.455,0.42,-15.103
53.709,119.658,60.099,-7.898,-7.318,-47.095,1.36,-2.706,4.793,4.643,-6.336,-2.935
52.449,121.525,88.465,14.823,20.676,-12.496,1.386,7.865,-11.619,-0.791,-30.937,7.855
46.269,115.843,-13.543,-68.337,15.321,-30.604,-23.732,5.854,18.113,2.454,-4.918,-3.213
50.438,106.479,67.632,1.385,27.865,-15.846,1.022,0.793,-33.427,10.695,-18.833,16.03
49.242,71.37,37.168,-8.638,37.105,-35.212,-19.23,3.495,14.784,-6.859,-1.513,18.388
48.465,75.089,55.92,-4.221,54.559,-39.593,-4.921,-3.41,2.205,17.853,-4.218,9.031
48.941,59.412,39.769,-2.951,43.619,-25.676,1.258,4.165,23.11,6.999,0.151,37.555
48.645,49.464,37.268,29.048,44.839,-32.53,-6.101,-3.205,27.133,6.833,-24.156,24.21
48.463,62.848,35.632,-14.652,20.414,-15.817,-4.649,12.014,-12.402,4.919,18.082,8.443
48.644,80.782,46.764,-20.88,13.374,-25.284,42.176,-6.097,22.013,-6.401,-10.996,18.218
49.342,88.486,36.045,11.899,2.818,-24.017,16.082,0.99,2.087,-20.737,-14.216,-0.705
45.766,66.013,33.659,-7.399,3.41,-36.23,-36.679,12.845,12.604,0.917,-1.56,-28.78
45.523,55.609,8.361,-21.429,-23.697,-41.921,-23.788,-4.302,5.993,25.215,-17.422,-10.724
43.691,46.394,-59.104,41.106,1.277,-69.602,-53.889,-8.042,-0.868,-17.156,-29.571,-11.748
40.33,52.866,-56.507,2.795,-18.582,-30.501,2.573,-14.468,-2.682,30.399,20.379,-16.822
42.147,-4.627,-9.368,-25.559,21.833,-23.577,-3.961,5.639,-20.077,20.179,-9.309,-23.578
46.62,52.532,32.636,-27.976,22.188,0.301,15.189,13.844,7.952,-7.069,-0.097,9.333
46.889,50.098,18.913,6.23,19.8,-54.054,-8.585,3.233,-8.292,20.105,13.985,4.115
46.525,37.459,36.593,-19.894,22.128,-26.715,-4.246,-16.696,13.248,34.216,-1.564,9.325
46.717,50.11,-5.458,14.47,20.803,-24.947,-21.689,-6.662,6.27,0.949,23.019,7.595
45.046,51.543,-7.836,-17.441,-21.339,-45.895,-20.0,3.319,5.098,21.389,-1.083,-33.382
44.962,66.421,-15.86,29.756,5.832,-2.102,-39.019,-10.836,-1.51,-13.479,-16.208,-2.979
41.28,63.385,-70.703,17.853,-17.952,-63.774,-47.963,31.832,10.931,-17.393,-13.285,-11.734
39.383,80.76,-111.723,13.737,-9.693,6.278,-46.871,11.497,-2.102,25.503,3.004,-14.124
43.161,64.155,-47.373,-67.046,-0.921,21.044,-16.964,1.661,15.304,3.516,1.548,-13.48
43.293,56.719,-44.862,21.965,5.883,-46.182,-45.481,-7.227,10.093,-7.721,-27.949,-7.421
43.591,77.638,-1.13,-7.388,-16.103,-34.501,-14.512,-11.878,1.743,3.191,-36.733,0.916
42.489,56.093,-27.197,-46.068,14.363,3.19,-4.43,17.81,25.327,-3.862,0.571,-15.075
42.746,129.819,-73.336,-52.996,-20.6,-31.595,-56.898,15.167,43.464,4.201,-17.462,-15.317
46.044,82.222,-29.276,-1.554,8.723,-55.696,-61.368,12.783,21.541,-15.526,-14.488,1.816
39.955,95.754,-81.443,-11.459,-39.494,-91.835,-53.579,26.86,23.376,-0.466,-10.737,-16.199
39.37,84.849,-109.866,12.49,-33.936,-1.017,-53.865,6.047,12.068,50.124,6.416,-12.944
42.26,58.382,-33.593,-23.632,-8.833,8.607,1.756,-14.05,3.355,21.304,-18.789,-8.8
43.12,88.4,-49.712,45.878,-9.424,-44.151,-68.301,35.457,1.431,-13.234,-2.955,-9.625
41.243,64.926,-15.906,-35.764,3.338,36.801,-7.957,-13.057,1.396,31.368,-10.8,-10.245
39.639,25.855,-85.648,25.839,16.592,-6.134,-25.683,-3.98,4.446,15.095,-7.13,-0.964
42.844,35.182,-14.662,-39.57,27.516,2.364,-14.554,-4.466,6.304,-12.702,-5.349,-6.048
42.663,64.069,-70.186,26.316,-17.639,-80.19,-69.046,21.105,2.494,-18.582,-26.998,-2.992
41.993,29.514,-51.643,-0.559,5.821,19.121,-7.683,-24.844,-9.173,40.401,7.502,-13.345
43.675,15.469,-1.343,-44.429,15.935,12.021,-14.161,11.428,3.569,-18.654,-1.446,1.615
44.331,35.8,-45.732,14.346,23.065,-52.994,-44.806,0.521,3.115,-9.078,-19.559,-0.596
40.762,-8.217,-30.307,-22.457,-7.118,-64.358,-18.071,-10.208,-11.0,3.522,-21.032,-10.404
42.894,40.01,-19.505,-24.237,-9.034,4.459,-2.035,-4.736,2.599,-3.955,17.714,-5.547
41.885,25.707,-12.899,-18.275,17.213,-46.038,-29.566,-3.523,-14.028,5.498,-14.367,11.908
44.124,28.439,1.649,-10.083,37.21,-37.833,-20.022,-7.042,-12.642,-5.249,-5.509,4.692
43.69,43.917,-30.023,16.539,5.961,-89.706,-35.717,6.522,-8.85,-16.253,-13.36,3.857
39.818,46.914,-55.313,8.164,2.331,-9.464,-8.467,-12.879,-10.835,-6.799,-17.735,6.038
39.597,-5.248,-21.057,-71.05,32.246,-20.108,28.167,-21.769,-13.085,-7.875,-4.689,5.775
43.506,60.174,-33.729,29.348,-1.661,-65.552,-39.988,10.284,-2.457,-26.622,-5.005,18.207
37.64,29.554,-86.615,10.622,-24.873,-104.066,-33.525,4.593,-11.063,2.268,-16.6,-1.686
38.715,34.368,-11.046,-98.3,-2.348,-14.152,-20.532,2.815,-20.479,-0.391,-8.223,7.714
43.404,43.087,-27.242,-23.009,39.258,-23.988,-24.806,-5.469,-3.125,-10.954,-6.954,-7.958
44.328,45.711,-49.254,12.089,3.104,-37.869,-31.078,0.504,3.692,-11.532,4.789,-7.814
39.934,41.592,-94.632,6.931,-29.595,-90.51,-32.405,-18.503,-17.636,3.007,-32.634,1.945
37.971,-14.794,-84.567,-53.341,47.023,-64.362,-9.903,-7.859,-15.952,13.988,-17.926,-5.216
43.939,38.489,-39.621,21.104,24.258,-51.295,-37.118,4.5,4.746,-11.922,-6.737,-10.984
37.676,33.357,-82.601,3.078,-35.486,-86.255,-18.66,8.401,-15.274,-10.746,-19.365,-0.066
41.543,46.983,-88.072,-1.622,-12.017,-67.548,-35.841,-3.883,8.714,22.187,-23.621,0.65
46.175,106.403,-34.063,29.647,0.227,-9.532,-46.994,-8.016,-6.577,16.272,-35.188,11.664
42.529,82.026,-68.519,26.755,-15.898,-64.491,-54.598,19.774,8.265,-10.512,-14.956,-6.921
38.737,47.456,-113.601,11.102,-2.069,4.182,-42.023,2.354,14.635,16.855,-13.815,-8.229
42.902,58.387,-31.864,-38.68,-5.701,13.363,1.908,-1.236,12.881,-7.755,-20.894,1.977
41.699,90.255,-81.254,25.293,11.854,-36.81,-57.339,37.299,10.129,-22.378,5.138,-6.499
40.147,89.912,-14.27,-25.727,22.784,36.555,-20.301,20.566,4.892,14.333,-33.25,-4.811
39.98,20.588,-83.792,3.785,32.411,6.822,-22.889,-6.06,7.181,19.839,2.583,-12.083
42.59,24.057,-16.143,-77.832,23.859,39.633,-14.54,22.325,16.375,-3.191,6.612,-10.776
42.074,84.423,-71.405,28.136,-22.217,-55.289,-66.983,38.763,9.383,-30.741,-10.871,1.445
41.973,-0.544,-62.007,5.334,7.271,-40.611,-23.746,-32.622,1.445,30.989,4.798,-16.176
44.056,31.402,-13.263,-3.954,-4.923,-19.322,-19.867,-13.968,-14.257,0.367,3.543,8.26
43.857,58.156,-53.385,15.18,20.611,-53.801,-53.409,-3.41,10.981,-28.125,-20.636,0.092
40.571,-8.002,-28.404,-10.508,12.754,-47.864,-8.521,-7.983,-3.744,24.871,12.5,-10.643
43.438,41.377,-1.496,-32.713,-0.123,2.575,-4.572,-6.927,9.946,-12.952,9.299,-10.695
45.474,75.69,20.356,-34.951,5.51,-11.272,-32.696,-25.93,8.292,9.088,-6.055,-5.662
46.741,73.737,14.91,-3.365,31.321,-12.985,-44.24,-5.781,9.223,12.738,-15.203,-0.877
45.824,49.963,-8.401,-25.701,-10.531,-9.763,-5.011,-9.472,12.273,-3.674,-1.279,-1.172
46.531,74.843,-5.842,-9.5,10.802,-47.828,-40.821,0.09,13.116,-8.973,4.89,6.998
44.71,74.623,-3.924,12.101,-25.745,-50.531,-9.251,-10.025,0.303,32.869,1.156,-3.268
47.425,97.575,90.457,-29.41,12.281,0.148,-2.989,16.354,9.862,-14.204,7.535,3.32
50.457,95.956,32.382,-22.133,-9.91,-38.885,3.569,14.932,-0.597,-1.121,5.376,-2.52
49.469,89.961,42.337,-9.386,-15.563,-22.788,12.779,-2.377,-7.722,3.077,-5.014,0.412
50.317,90.348,47.098,-5.827,4.428,-34.573,3.127,-4.545,-5.191,12.132,-13.403,6.021
48.89,75.767,-2.657,22.023,-11.987,-38.709,-21.074,5.365,-11.146,19.964,-31.231,1.087
44.84,83.009,-20.308,-82.589,-1.694,-62.16,-31.685,-1.764,4.58,21.019,-22.869,12.107
47.934,69.541,29.298,-66.281,27.31,-2.393,-9.415,-24.657,-11.302,12.807,-8.354,6.206
49.458,66.584,32.789,4.954,30.961,-13.985,-23.117,9.857,0.528,-0.473,-22.187,-15.654
46.525,57.861,8.576,-43.299,-18.676,-43.216,-36.872,0.617,12.252,3.397,-8.673,-35.081
47.472,49.904,51.076,4.001,9.688,-17.026,-14.546,-13.812,9.895,38.423,-25.772,-28.644
47.853,14.002,31.432,-17.609,37.43,-26.365,1.858,12.594,28.434,9.348,-10.25,1.969
47.677,54.959,48.913,-69.845,40.968,16.976,-9.403,-0.47,16.231,0.176,10.145,-9.274
49.349,66.679,96.689,23.695,14.22,-22.63,13.754,1.581,0.778,7.829,-6.765,2.868
49.338,87.305,47.651,-17.426,-20.94,-33.594,38.197,25.355,0.164,-10.231,-11.143,-14.495
49.734,127.725,41.009,-11.732,-9.445,-29.022,21.865,3.366,-5.329,-5.623,-9.303,-15.407
48.357,85.446,20.302,-1.382,-2.237,-30.322,-28.033,17.033,0.419,5.486,1.158,-21.816
45.771,51.057,-10.546,13.166,-15.807,-36.405,-20.682,-9.59,0.91,8.577,-24.311,-11.76
43.547,26.822,-28.007,5.744,42.12,7.977,-25.99,1.581,9.26,-11.711,15.329,-1.172
37.64,18.568,-68.815,25.583,-1.139,-67.667,-26.377,18.972,-6.676,5.771,4.302,-13.213
39.172,33.179,-18.104,-48.451,17.772,45.703,14.81,-13.135,-12.645,17.23,-26.029,1.23
45.177,26.507,57.085,-131.572,21.878,-12.86,15.857,30.271,-24.46,-8.187,1.069,-1.819
49.277,63.414,34.42,-7.059,38.068,-37.269,-2.275,1.945,22.051,-16.508,-12.484,10.354
46.837,15.419,24.299,15.644,25.643,-43.459,8.855,-13.497,18.244,31.58,-9.874,-13.484
46.259,3.618,34.828,-9.955,41.88,-33.159,21.34,14.763,18.587,4.901,-12.87,10.495
44.942,36.984,2.557,-19.704,34.916,2.205,-7.866,-6.329,9.826,2.253,-8.453,-3.084
43.791,58.06,-26.89,-29.916,-37.807,-61.247,-26.608,-0.351,4.562,20.822,-23.492,-13.877
44.154,54.388,-25.028,11.024,3.345,-10.105,-35.814,-0.481,-10.052,-1.849,-25.721,0.474
43.318,63.991,-67.185,38.445,-13.532,-63.63,-55.077,18.849,2.73,-11.524,-30.575,0.703
37.874,68.681,-130.931,21.911,-11.268,-2.272,-37.323,7.562,-4.084,34.239,5.934,-4.346
43.401,66.777,-39.805,-37.154,8.285,43.112,5.436,8.126,10.666,9.765,-1.386,-0.97
41.597,108.207,-68.096,79.855,-8.029,-47.117,-57.67,38.447,7.435,-12.074,-12.099,-6.866
41.437,128.13,-86.754,-12.829,2.205,-29.476,-3.357,1.838,-11.077,28.454,24.041,4.407
43.362,45.421,25.583,-9.561,23.129,-6.963,4.779,-25.236,-10.438,25.667,-7.127,-13.879
44.338,28.185,-1.244,18.702,-0.075,14.675,-12.527,2.936,22.544,-22.683,1.386,-14.073
42.347,31.357,-34.786,4.795,-28.967,-67.357,-2.905,-25.406,20.527,4.561,-21.134,-8.707
44.349,39.456,-28.646,14.407,-6.089,17.376,-8.02,7.552,6.962,-16.043,11.149,7.884
41.492,19.649,-12.662,-49.686,-3.96,35.028,17.603,-6.27,-7.503,10.426,-37.459,-7.14
42.706,47.9,-45.213,-42.352,17.838,-23.235,-5.289,-11.445,7.937,-17.219,-3.413,2.46
43.73,44.095,-54.334,26.183,8.607,-38.686,-42.263,-17.314,3.633,-15.457,-25.584,6.931
40.15,22.144,-34.583,-3.276,25.447,11.124,-22.555,-19.863,13.287,-1.85,-48.983,21.016
41.195,48.285,-65.84,11.057,-4.925,57.006,-46.875,15.61,15.435,-32.345,42.822,-1.245
44.537,36.377,-3.837,22.518,-5.62,15.691,4.361,-40.039,3.366,1.833,-6.199,-1.93
45.818,72.754,0.212,10.009,17.881,-8.431,-35.85,-16.948,8.481,-10.176,-25.944,-15.275
39.305,-15.524,-49.689,57.94,0.733,-81.621,-25.05,-37.873,-7.776,-5.954,-24.998,-9.788
38.712,20.131,-114.556,44.499,-25.124,-79.485,-20.819,-48.801,-5.518,-5.734,-42.386,5.883
32.462,-83.07,-120.126,-28.435,43.49,-67.536,3.058,-44.422,-3.332,25.391,-26.489,14.592
38.364,9.008,-21.433,-94.255,6.364,39.333,-39.742,66.259,23.079,-27.355,-20.553,-15.152
42.566,78.905,-9.759,-117.523,1.838,8.288,-7.553,-47.725,-22.318,32.033,-19.527,-3.589
44.044,27.855,-35.662,17.423,15.371,-44.395,-47.525,-14.496,2.471,-8.148,-18.634,-19.313
39.35,-25.623,-72.585,40.251,-14.641,-67.166,-12.332,-39.776,1.483,-3.062,-30.39,-4.999
38.537,9.267,-101.99,30.257,-19.82,-76.106,-10.728,-52.75,-5.224,4.592,-49.252,14.076
32.033,-89.738,-127.43,-15.651,35.632,-56.479,4.338,-51.038,-1.043,7.188,-25.788,12.597
39.221,-0.584,-106.216,-19.973,18.93,80.558,-18.523,36.053,30.559,-43.265,33.725,-13.19
43.925,79.542,-0.03,-33.455,-16.957,-4.652,9.445,-35.53,5.342,-1.175,-2.687,27.07
45.488,71.425,1.645,6.973,-3.455,-19.812,-39.047,-1.816,6.425,-6.821,22.148,-3.184
41.143,73.977,-35.965,-59.669,31.653,-37.502,-0.716,16.646,6.361,-2.143,4.533,-20.064
42.539,64.525,-36.478,-15.983,-21.914,-82.835,1.661,-6.794,3.33,11.07,-13.986,-18.944
43.776,48.528,-26.35,20.355,-6.015,-6.983,-10.741,-11.387,30.309,0.99,-44.835,-4.747
43.877,66.574,-7.803,-39.694,13.633,58.434,-5.316,-0.421,7.089,-11.144,-15.045,0.893
43.339,81.875,-38.845,-28.981,-38.252,-57.244,-12.65,-15.406,3.956,19.491,-20.836,-4.616
44.007,59.098,-56.47,34.344,-13.847,-12.313,-49.242,-2.302,1.796,11.947,-22.668,6.356
41.758,46.569,-37.031,-4.405,-45.417,-44.966,-9.908,-20.557,-6.265,1.167,-59.269,8.2
43.152,39.683,-66.344,13.862,5.496,-9.623,-21.259,4.171,1.137,10.709,-12.246,12.066
43.416,28.229,-13.716,-25.079,-6.964,-3.277,8.264,-25.483,10.703,12.493,12.735,-9.243
42.001,-27.384,-15.561,12.144,13.33,-29.31,-14.057,-30.813,15.403,-6.993,-16.935,10.191
42.923,19.557,-20.492,-20.288,34.449,25.155,-30.729,35.885,15.471,-44.452,-9.929,3.639
40.14,17.621,-85.433,8.623,-3.187,-93.948,-27.619,-6.363,8.309,7.14,-34.187,3.902
39.046,67.903,-117.135,6.849,-6.536,-5.086,-27.718,31.095,25.713,7.062,23.804,-0.295
49.163,110.512,-4.108,-50.03,14.247,-23.121,-34.585,27.906,7.655,-14.754,-5.44,3.795
49.961,133.995,-20.32,-28.853,7.356,-56.245,-43.089,4.441,3.278,-2.761,-7.076,-19.212
48.852,110.797,-6.007,-28.688,7.997,-39.512,8.597,-18.53,2.092,4.071,-24.853,4.939
46.058,50.691,-27.169,31.8,13.136,-51.322,-34.648,21.904,3.632,0.067,-27.823,2.161
43.768,52.278,-40.148,-18.568,16.438,-57.284,16.39,16.764,7.201,-3.666,-4.483,11.999
48.226,87.582,-5.824,-56.302,-2.492,-33.819,-17.387,42.8,-2.406,-4.852,-7.51,4.007
49.604,120.965,-22.127,-46.913,16.255,-32.471,-28.747,7.482,-3.96,10.862,-2.385,-20.94
50.014,101.703,4.288,4.595,23.695,-14.616,10.923,-13.533,-1.969,5.391,-21.78,11.365
43.664,60.668,-47.254,-12.368,9.632,-36.41,2.271,-2.789,8.008,13.045,8.312,-6.123
47.93,69.639,9.052,-30.29,-4.173,-12.412,-4.172,31.001,-1.95,5.703,3.73,5.559
49.454,115.0,-3.422,-53.494,2.971,-45.367,-34.15,20.345,5.831,-9.478,-8.815,-18.149
50.065,114.63,24.397,-15.79,28.255,-14.706,25.567,-2.699,-1.874,1.265,-9.864,18.224
48.132,77.662,62.097,-5.928,29.078,-30.991,20.541,6.965,-5.013,1.394,-9.207,17.25
49.424,72.7,29.637,1.662,3.362,-45.074,2.804,-1.016,-25.856,-6.249,5.969,18.999
48.643,60.591,42.166,-11.588,9.827,-38.674,26.102,17.03,-20.052,2.323,-3.305,15.192
47.946,67.525,33.929,-15.401,1.579,-29.232,24.677,11.327,-18.984,-7.232,-4.041,17.613
48.189,57.933,25.414,-17.756,-9.96,-33.746,9.848,3.403,-16.576,-7.21,-9.678,8.892
47.561,44.459,5.933,-4.632,-23.45,-40.654,-16.764,6.084,-2.331,-1.574,-25.304,-8.38
45.117,35.249,-38.512,1.522,0.208,-67.376,-43.814,-12.802,0.631,18.369,-17.473,-2.116
45.029,66.281,-52.236,-6.531,-26.702,-59.669,-45.609,-0.83,0.726,3.24,-17.088,-1.516
43.754,115.777,-43.594,-69.632,-23.808,-61.383,-31.443,22.824,23.927,18.056,-20.136,-3.232
44.95,106.06,-37.119,-30.048,11.452,-15.608,-46.988,14.927,3.463,35.313,-12.985,-5.523
43.687,84.132,-68.189,26.091,-20.156,-74.983,-68.435,27.413,14.279,-14.192,-18.872,-3.802
39.793,68.918,-106.579,14.621,-36.53,-87.493,-57.902,5.938,13.331,22.38,-11.481,-13.235
43.028,53.761,-0.184,-87.456,0.975,24.642,8.823,17.717,14.259,12.755,-9.778,-13.781
43.153,62.379,-56.903,50.865,3.538,-70.56,-58.664,22.972,16.989,-9.7,-20.943,-2.656
42.864,75.624,0.218,-30.48,-35.245,-13.905,-12.478,10.896,4.766,-17.368,-33.902,1.172
39.522,27.719,-93.844,29.8,-13.211,-55.06,-41.99,-18.369,2.987,36.209,-5.068,-2.215
34.526,-27.443,-132.875,-53.222,37.591,-55.689,-46.082,-18.186,12.069,26.3,-13.246,0.221
41.224,35.912,-26.149,-91.94,23.453,21.993,-18.8,7.864,13.906,3.086,27.828,-9.994
42.124,61.2,-80.32,40.762,-10.646,-38.556,-54.801,21.224,8.014,-10.485,-12.3,-1.687
41.826,2.131,-39.185,-4.736,-22.063,-67.628,-25.988,-32.321,-15.904,34.275,-6.585,-14.262
43.118,6.71,11.411,-84.07,13.044,-16.055,-25.604,28.636,-9.487,-20.034,-4.983,-2.481
43.515,43.355,-41.296,19.037,22.802,-62.754,-51.657,2.856,2.03,-14.201,-10.196,0.193
40.213,-13.36,-31.832,-7.072,2.085,-38.379,-7.589,-5.591,-12.667,21.207,16.395,-6.238
43.332,37.094,-20.927,-19.219,-8.721,-6.348,-15.844,-16.016,-0.876,6.026,12.139,-3.79
43.99,36.223,-18.28,8.053,19.759,-45.707,-29.461,-9.157,-13.454,3.594,21.018,2.141
42.074,16.949,-10.459,-35.541,29.634,-8.334,-25.053,15.591,-2.273,-4.14,-25.54,14.621
41.491,12.375,-51.725,14.155,5.377,-33.25,-11.2,-21.748,-4.389,15.729,8.925,-17.901
41.153,22.572,-65.395,40.431,28.067,26.1,-30.657,31.241,17.143,-23.794,1.754,-9.069
40.409,35.264,-19.871,-66.321,-9.069,37.234,-6.642,2.569,-3.309,-6.058,-8.165,-5.339
42.792,21.9,-48.564,-20.455,11.313,-40.858,-35.247,-18.664,-1.703,-11.659,-14.068,-10.341
43.227,53.065,-52.641,19.399,-5.28,-23.668,-35.436,8.374,-9.824,-22.035,10.079,-12.682
40.444,23.721,-58.567,11.826,-23.202,-83.118,-16.566,-24.797,-21.509,28.967,-15.157,-13.614
40.403,-15.218,-21.002,-35.839,28.808,-20.497,13.974,-2.51,-24.931,13.063,-19.689,-15.224
41.86,30.646,-43.466,17.523,26.988,23.18,-27.894,38.044,6.959,-22.613,-5.492,-4.598
36.705,20.731,-86.517,23.139,-36.991,-106.068,-30.804,13.136,-5.513,4.559,-12.452,12.346
37.798,36.402,-114.218,34.67,-18.459,-12.435,-18.378,-6.691,-1.998,39.51,15.099,0.348
41.223,51.68,-26.82,-70.758,9.855,56.425,-14.757,28.548,13.629,-23.194,-30.107,-1.426
41.375,67.705,-74.764,19.691,-3.507,-8.041,-54.34,43.913,6.303,-7.703,16.91,1.475
37.605,43.823,-116.318,11.519,-9.305,33.02,-40.995,0.131,1.613,29.122,-32.451,0.645
38.511,19.593,-35.794,-140.451,0.722,39.493,2.006,1.281,21.183,5.729,-43.647,1.058
41.729,62.65,-64.463,26.984,6.616,25.523,-46.263,40.354,11.892,-16.949,11.018,-2.277
42.509,90.714,-17.827,-19.488,4.102,51.861,-21.385,9.147,3.223,2.813,1.9,-2.36
39.973,26.596,-78.6,32.495,13.477,-11.59,-22.034,-9.448,18.572,24.929,9.489,-8.146
44.768,40.496,-16.918,12.387,11.858,-3.477,-30.07,-14.39,-3.295,-6.804,6.271,-7.298
41.901,58.31,-63.908,31.079,9.765,-17.814,-52.443,28.195,2.242,-6.488,24.865,-4.664
41.898,4.762,-40.986,2.298,-5.203,-28.401,-3.237,4.089,-17.894,2.687,15.978,-8.506
44.244,36.275,-10.731,-13.446,-6.602,9.91,10.015,12.782,15.453,-20.741,2.295,-7.886
43.358,53.883,-37.425,26.54,19.41,-58.208,-37.604,6.489,6.716,-20.936,1.285,3.087
41.543,9.159,-27.038,-3.978,0.972,-77.917,-15.27,-9.521,-1.883,25.512,-2.517,-3.264
45.574,50.732,-5.634,-31.848,-20.884,-47.496,-8.293,-13.228,11.103,9.26,-20.528,2.285
46.192,51.424,19.117,-25.027,0.09,-23.943,3.147,2.606,13.229,11.895,-13.455,25.063
47.014,68.484,7.176,-18.154,22.478,-27.903,-12.918,2.184,35.176,-12.065,1.662,8.208
46.331,46.082,-0.162,-19.844,-0.753,-43.079,13.493,9.076,36.913,-7.606,-19.257,12.196
46.137,70.891,-0.115,-6.617,16.598,-32.763,-36.7,2.268,2.842,1.798,-0.634,-6.595
46.485,96.955,62.736,-58.518,-3.674,1.32,4.669,4.071,0.326,25.533,13.204,-22.502
50.01,78.174,38.929,13.618,-8.585,-35.176,-16.361,-5.222,-11.995,7.267,3.204,-7.075
49.332,90.195,42.847,-15.552,-17.118,-29.171,-1.154,-7.457,-3.548,4.094,-8.491,-9.606
49.98,78.864,41.822,-15.516,8.194,-32.598,12.054,9.029,17.807,1.74,0.409,-3.718
50.504,104.52,42.34,-4.729,5.8,-36.895,-0.888,-0.386,6.72,25.928,-0.992,-5.133
49.259,81.141,-7.948,12.87,9.083,-35.99,-19.928,25.016,17.036,18.048,-22.147,-14.82
46.56,117.642,-9.807,-64.031,-6.175,-48.454,-18.309,18.902,19.054,22.616,3.949,-2.852
48.721,121.565,26.158,-2.309,30.842,-25.819,0.794,-9.231,3.121,12.699,-21.623,15.775
47.545,31.819,26.367,-12.249,5.547,-51.612,10.797,5.131,24.097,16.886,-21.756,22.83
45.485,6.705,13.041,0.637,33.027,-29.152,-6.713,8.501,15.586,8.864,-26.222,21.767
46.437,61.143,13.994,-59.24,16.424,-10.42,-1.241,15.849,12.835,8.603,-4.362,10.908
47.871,73.848,33.949,-29.631,-14.631,-47.435,19.793,23.599,6.522,3.999,-8.608,-5.68
46.833,50.22,27.65,-6.225,17.992,-19.052,-45.665,0.771,10.616,1.95,-4.216,-28.279
45.552,71.954,4.881,0.215,-13.459,-48.079,-31.515,-6.772,20.409,21.233,10.101,-32.051
44.135,74.358,25.219,-3.752,-0.465,-6.341,-32.875,-25.61,-2.579,20.055,-31.869,-17.0
45.14,15.058,7.076,9.02,21.514,-64.269,-25.255,-10.299,-15.378,-7.81,-6.38,22.061
41.261,7.579,-26.099,43.185,-6.629,-67.35,1.174,16.779,5.074,16.259,-25.239,6.284
43.83,33.222,-5.008,-32.475,-35.597,-48.072,5.03,-20.895,-8.5,25.108,-18.573,11.434
47.976,66.344,32.212,-18.039,13.373,1.474,1.72,17.429,12.357,-24.14,-8.09,19.097
46.51,29.152,17.316,0.344,27.733,-30.919,2.959,-11.876,23.163,31.123,-18.027,12.532
45.456,41.875,-12.285,-9.279,23.705,-5.79,-16.747,5.5,15.159,-1.14,1.896,10.954
43.823,24.025,-22.245,-14.131,-28.464,-50.314,-26.41,-17.957,1.208,34.046,-28.581,-25.183
42.053,28.332,-24.847,-31.933,-22.667,-35.33,-26.802,-1.511,-6.7,-4.633,-10.808,-37.055
45.507,70.952,-13.672,16.09,0.822,-45.783,-68.464,-1.705,1.091,-16.76,-29.137,7.022
38.543,71.368,-88.768,42.872,-26.385,-73.647,-36.787,20.031,1.836,12.349,6.956,-13.807
38.642,66.289,-105.909,-0.303,0.332,33.468,-21.201,17.21,-13.617,37.474,-16.637,1.762
35.252,39.858,-126.043,-92.762,-7.287,-32.112,-40.93,-6.972,3.15,4.875,3.5,-0.592
41.753,38.234,-10.108,-145.67,1.23,3.078,1.46,21.674,2.945,13.231,-15.071,7.389
42.391,87.074,-54.394,42.045,-12.226,-55.843,-52.291,15.31,15.34,-11.775,-28.916,-7.0
39.984,99.615,-64.866,-81.566,-0.408,-51.053,-4.694,31.729,26.445,-43.096,-6.8,-10.097
41.76,45.19,5.768,-18.28,55.817,-24.506,10.756,-61.674,-0.055,23.704,-34.925,-7.514
42.101,5.475,17.262,-44.6,-4.369,13.016,-16.268,26.224,20.027,-34.11,-34.237,-9.456
44.228,67.631,-23.198,-29.292,-25.959,-42.337,-16.632,-0.296,14.924,24.059,7.428,-15.016
46.73,67.259,-10.615,14.251,-3.787,-23.648,-11.728,-14.006,-10.703,-3.061,-42.683,8.882
43.103,30.989,3.672,-69.719,-18.306,43.818,13.422,8.211,15.498,-28.42,-28.487,-3.97
44.142,93.246,-23.532,-48.35,14.765,-18.927,-27.465,-23.931,1.671,-1.415,-17.404,-8.486
41.299,13.58,-34.437,8.109,-18.017,-95.018,-15.758,-19.164,1.588,25.637,-16.832,-4.836
43.742,38.716,-7.329,-1.992,-3.611,7.362,-8.321,-11.379,16.877,12.203,-1.152,-2.711
42.931,23.51,-17.509,-40.118,9.431,45.551,-13.79,8.724,15.64,-31.087,-1.04,-3.336
44.53,42.395,-0.446,-22.752,-22.596,-38.976,-5.375,-18.157,-6.219,23.811,-25.471,5.201
44.345,43.859,19.497,-78.642,2.049,11.089,-34.608,18.016,15.637,-18.002,4.848,-21.556
44.577,63.412,-27.921,38.668,17.031,-62.523,-68.117,-19.771,-7.799,-9.054,-29.563,-7.907
38.798,0.736,-64.152,37.033,-25.562,-91.085,-37.402,-43.899,-9.579,15.682,-25.228,-2.363
36.555,-15.476,-79.403,-1.471,5.274,45.425,-16.04,4.66,17.577,-43.365,-29.298,1.528
31.45,-86.014,-127.138,-29.907,28.077,-61.409,-10.618,-47.354,7.129,15.144,-34.46,-5.535
41.813,45.732,-58.257,-30.855,0.24,56.598,-36.722,47.467,7.57,-20.005,4.446,-21.684
45.48,61.521,32.523,-40.54,-3.2,0.221,0.879,24.765,-4.309,11.929,-2.231,-5.853
46.344,50.97,16.26,-26.606,-12.525,-27.912,-4.097,6.666,8.109,9.05,-13.64,9.445
44.515,55.907,-33.764,51.745,23.283,-29.695,-47.623,-0.082,-0.124,-1.515,-11.14,7.615
37.88,-2.563,-77.784,50.176,-50.045,-94.094,-16.872,-46.971,-12.853,15.729,-24.354,23.225
37.67,11.398,-114.218,57.215,-17.096,-7.255,-10.606,-43.46,-2.577,12.893,-9.756,10.562
30.427,-85.482,-132.376,-20.849,2.236,-54.803,-7.41,-49.6,-26.431,2.036,-23.341,11.713
41.676,30.558,-111.14,25.467,6.954,-21.183,-48.597,-3.748,11.862,-7.023,0.577,-2.336
36.66,-10.12,-15.765,-32.426,16.263,-43.54,11.558,-9.519,-19.692,5.879,0.246,-7.242
42.58,7.002,-15.731,20.901,-10.884,-9.488,2.805,-40.563,0.797,3.563,14.762,-17.722
43.137,37.624,7.654,-64.497,9.062,12.959,-19.98,57.541,12.679,-31.688,-27.25,-10.124
47.114,81.272,15.276,-47.131,-27.599,-34.289,1.751,-0.63,13.474,14.131,-18.626,-9.347
45.955,57.726,-12.561,58.218,-23.592,-17.713,5.385,-11.937,-4.256,2.703,-55.279,1.712
44.439,92.412,8.614,-56.111,29.682,9.675,10.674,-13.989,-0.419,-6.501,-31.36,-2.404
45.6,87.173,-11.694,-30.542,-39.82,-54.544,-8.15,-9.524,15.015,10.664,-14.115,-1.185
44.669,94.283,-17.194,-9.548,-30.95,-20.503,-7.863,-14.648,19.131,-2.716,-15.442,1.429
45.434,69.325,11.168,-37.843,10.232,-4.959,-32.079,2.379,10.238,3.499,10.362,-14.848
42.254,60.272,-16.085,50.601,-6.813,-31.974,-32.334,-14.065,14.67,10.982,-28.968,-8.818
42.691,33.154,-32.062,31.386,-35.236,-19.975,-18.59,-11.276,-11.23,8.723,-25.475,-16.528
44.795,57.637,-38.097,6.584,3.781,30.557,-19.251,-5.562,2.695,3.68,29.643,7.433
45.11,42.657,-11.638,-37.049,-8.638,-39.929,-8.978,-27.583,4.793,19.973,-26.526,2.581
43.936,41.062,-12.584,-16.158,32.04,-10.08,-29.62,33.565,18.925,-27.333,-1.342,-2.866
41.377,29.677,-63.176,2.916,7.029,-80.251,-15.191,-16.091,-2.294,-8.457,-22.819,-2.337
41.202,68.145,-110.387,17.232,-8.178,-50.279,-35.441,14.075,15.54,2.915,-14.011,-1.695
48.022,87.156,-15.394,-28.645,28.7,-8.383,2.757,1.11,-1.343,2.647,-7.187,0.508
47.47,75.867,-3.473,-45.177,-13.707,-51.954,-22.412,0.521,0.579,14.987,-14.972,-2.42
48.292,92.437,1.186,-14.397,18.416,-14.57,13.052,-2.351,6.606,-1.847,-8.95,9.095
45.761,77.842,2.306,5.674,-0.526,-16.193,-41.56,-0.563,1.827,12.878,-31.903,-1.441
41.679,40.528,-34.441,-56.783,33.914,-22.424,-21.674,3.222,-14.449,5.798,-23.703,-1.46
47.318,88.37,-2.31,-61.234,13.783,4.879,-8.136,46.562,0.956,14.002,29.98,1.791
48.39,136.531,-30.986,-40.753,-7.714,-51.888,-53.031,10.442,-10.602,-3.66,-6.148,-22.508
48.787,155.447,-7.989,-30.123,29.74,-36.324,-31.383,-0.763,-1.507,4.222,1.303,-16.475
49.062,113.674,-1.694,-33.001,16.542,-44.895,2.683,-16.232,2.447,23.542,-20.332,1.789
47.508,67.724,14.51,9.53,8.061,-19.234,-29.887,9.036,-0.431,6.852,-21.436,-2.358
43.066,34.005,-39.914,-14.028,25.058,-52.883,-11.137,25.552,-2.931,6.681,-7.165,-13.693
47.871,90.097,14.684,-42.465,26.006,-0.29,-14.709,59.142,8.819,13.03,32.229,4.294
49.102,138.678,-17.035,-31.695,21.968,-33.866,-45.856,15.118,-3.508,24.64,4.827,-11.38
48.932,114.18,10.621,-27.482,8.587,-47.847,2.164,-10.386,-6.071,6.802,-24.63,15.523
48.901,77.903,13.327,5.149,6.705,-39.581,3.613,19.59,-9.303,0.515,10.033,13.386
48.03,91.031,26.765,-7.375,-13.812,-40.034,22.772,5.887,-9.011,7.83,4.474,16.523
47.983,80.619,27.728,-4.842,10.757,-26.088,7.951,18.366,-10.077,-3.538,0.348,18.169
48.269,93.514,13.433,-11.734,-3.969,-28.299,13.031,23.55,-14.5,8.618,-0.298,28.327
48.439,79.475,11.91,-9.258,16.027,-40.274,-16.317,21.197,-7.783,5.596,12.724,7.696
47.626,84.117,2.748,-13.809,-15.105,-39.063,-5.0,4.413,-5.445,-6.934,-2.621,13.362
45.676,44.198,-19.941,-25.415,-12.34,-49.539,-2.303,-6.863,-2.797,-7.316,-2.882,3.45
45.199,54.066,-17.94,-7.55,-4.666,-73.447,-5.822,-4.787,0.738,1.232,-12.127,7.487
45.569,68.963,-22.486,3.163,3.813,-72.272,-30.841,15.328,3.631,1.318,-8.211,4.957
45.18,41.328,-45.685,-17.789,-3.341,-11.133,-32.281,15.258,12.596,-2.4,-1.016,-8.291
43.858,73.331,-51.259,-7.098,-14.194,-39.118,-53.723,9.238,13.68,-17.083,-3.118,-0.481
41.543,60.986,-72.771,9.312,-31.911,-68.691,-38.582,2.675,14.96,-9.499,-21.857,3.877
43.63,89.75,-51.245,-42.485,-13.906,-20.706,-21.611,16.256,35.157,13.14,29.359,-29.849
45.28,169.828,-70.4,-59.747,4.069,-28.431,-66.187,2.463,33.205,-1.822,-10.494,-17.904
45.169,127.704,-48.084,-19.573,19.894,-10.348,-53.377,-1.136,1.986,32.377,-27.2,-0.771
39.49,133.692,-71.523,-16.37,-42.536,-89.866,-57.095,24.845,18.264,-9.665,-10.296,0.197
39.325,90.833,-79.638,-14.904,-4.599,-3.493,-60.033,0.391,16.8,30.532,-38.823,5.222
39.866,43.567,-43.8,-68.791,-4.989,13.788,-10.629,10.742,9.67,18.752,-19.394,9.214
42.497,46.516,-45.11,-15.012,18.131,21.75,-39.821,50.186,15.557,-6.349,-33.379,-2.552
41.269,68.305,-12.89,-8.042,30.441,33.092,-28.846,8.664,9.786,6.748,-23.505,-3.42
40.285,0.934,-67.375,16.516,23.896,-3.461,-15.753,-18.7,9.176,8.148,-0.797,4.802
43.274,16.528,-22.933,-38.288,25.2,0.248,-34.798,11.612,7.951,-19.125,18.327,-7.334
42.586,65.273,-67.729,41.009,-8.64,-47.14,-69.462,33.261,9.603,-23.462,-7.933,-0.032
41.285,2.498,-39.686,-24.402,20.081,30.864,-18.6,-22.141,-0.04,39.165,-6.817,-7.546
41.207,-11.876,-15.288,-60.36,18.437,-16.73,-17.392,27.642,-1.67,-26.371,-16.025,2.548
44.109,33.476,-40.699,22.692,17.372,-51.222,-45.86,-12.118,3.0,-21.521,-12.147,-5.807
38.88,-41.33,-44.303,-14.719,24.288,-83.795,-9.721,-5.522,-7.953,11.731,-25.971,-21.203
40.449,1.907,-34.106,-45.213,8.161,20.071,-4.4,-6.528,0.7,-5.912,-19.765,-4.944
41.697,21.628,-33.348,-28.589,12.568,-16.008,-2.89,-0.436,7.543,-13.422,14.781,-13.007
44.129,33.34,-23.736,20.74,3.723,-68.718,-23.005,-0.979,1.62,-11.293,-6.895,-6.896
40.239,9.091,-53.369,21.495,12.732,-10.152,-8.669,-5.361,-5.047,0.78,-17.388,2.216
36.353,-24.503,-65.936,-33.88,7.151,-57.448,-2.712,-11.687,-10.002,-4.598,-8.594,20.563
41.741,45.232,-74.147,15.195,15.458,30.025,-28.187,32.243,18.692,-11.624,15.917,-3.845
37.665,14.69,-89.587,22.379,-13.055,-13.995,-20.777,5.489,-5.65,29.747,6.057,2.735
40.748,38.386,-37.396,-64.581,-4.567,49.993,2.123,-10.34,9.209,8.491,3.801,-10.341
41.479,12.912,-20.397,-21.11,-2.229,-37.479,-16.486,-4.023,-3.224,3.037,-13.463,-15.485
42.363,22.02,-28.65,-24.08,28.094,-15.459,-15.382,-9.573,0.209,-6.179,-2.441,2.033
41.889,33.891,-39.699,3.762,6.824,-8.274,-28.008,22.771,18.955,-9.675,4.619,-17.837
39.932,16.2,-71.008,23.515,-28.298,-88.232,-23.342,-20.166,-2.882,24.271,-20.571,0.473
38.015,-39.393,-56.151,-32.199,33.23,-45.274,3.682,0.014,-6.327,18.441,-6.322,-1.112
41.919,37.529,-58.586,14.631,22.059,12.744,-26.877,26.39,21.775,-18.535,14.971,-7.665
37.052,12.34,-89.689,25.269,-30.674,-81.882,-29.248,10.633,-0.31,8.891,-22.36,-5.954
37.826,20.384,-103.361,-1.834,10.575,48.228,-5.184,-7.079,9.596,24.819,0.813,-2.423
40.984,19.493,-44.006,-62.486,37.704,61.696,-13.531,15.624,17.967,-11.985,-7.699,0.292
42.751,67.309,-84.803,51.3,-10.436,-74.753,-63.543,13.676,4.447,-8.551,-23.644,-5.46
37.959,21.975,-129.244,44.553,-13.091,-6.467,-46.081,-1.397,16.148,21.264,-1.906,-0.072
39.381,0.359,-35.153,-86.25,-1.158,30.532,4.331,20.644,22.327,-9.799,-22.279,2.942
42.851,80.936,-57.472,32.187,-3.29,-65.853,-49.805,30.347,16.144,-27.577,-20.093,-5.945
40.099,64.305,-34.828,-10.028,-1.786,40.471,-10.731,2.861,-6.894,38.923,-12.285,-8.632
40.814,-6.817,-71.029,17.632,26.617,-9.809,-23.357,-24.246,1.691,27.861,15.316,-17.219
41.766,0.603,-17.569,-66.633,46.116,27.325,-35.595,17.624,21.224,-17.431,-8.797,-9.958
41.358,67.039,-75.512,11.642,10.08,-13.238,-47.052,36.892,6.042,5.436,5.991,-5.657
41.375,8.624,-33.114,-12.824,17.032,15.824,-3.083,-20.612,-11.725,19.379,0.687,-6.953
43.453,33.384,-40.084,-1.853,-9.321,-27.765,-9.857,-9.495,16.806,9.605,-1.198,-4.316
42.721,31.269,-38.766,-33.535,42.353,23.452,-21.751,24.315,8.957,-26.044,-17.226,-2.552
40.489,8.436,-58.305,18.374,1.506,-61.046,-25.834,-11.952,2.649,7.686,2.458,-4.547
43.795,27.005,-24.114,-7.419,-7.492,-15.704,-5.575,-8.376,3.734,17.695,30.52,-6.285
45.734,48.31,18.816,-22.49,0.058,-12.72,6.435,14.402,20.623,2.946,-3.122,30.984
46.876,86.48,10.736,-19.377,33.83,-41.765,-43.092,16.893,34.837,18.377,-4.291,37.124
47.147,74.087,4.002,-16.469,0.701,-38.803,-11.739,-2.067,18.324,5.152,4.238,16.722
46.832,38.075,11.941,-16.761,3.408,-44.859,5.645,14.398,33.766,15.209,4.715,11.724
46.022,70.978,-5.554,-2.689,3.988,-15.216,-38.128,28.138,16.329,-9.636,8.658,-5.573
44.82,104.821,73.767,-79.683,-5.501,-17.464,-16.011,-4.579,-14.633,6.672,14.28,-10.092
49.468,109.787,22.295,-8.364,-40.985,-43.785,-21.145,-8.579,-3.65,18.744,-12.898,-12.703
49.739,112.666,33.859,-25.143,-28.295,-39.07,-18.863,0.062,5.736,3.656,-8.846,-8.142
48.862,96.715,34.441,-21.041,-19.829,-22.526,-17.533,-12.198,7.172,14.769,-0.425,-19.954
49.297,78.842,39.657,-11.755,-24.567,-26.643,-6.477,1.02,2.717,15.867,-7.373,-18.744
48.852,90.139,22.31,-15.717,-35.424,-46.01,-20.564,13.427,-6.303,2.662,0.161,-13.942
48.161,102.525,27.277,12.375,8.602,-17.624,-26.919,-15.688,-6.633,19.472,-35.467,-20.547
43.651,67.872,-32.384,-21.1,-5.325,-49.112,-38.884,-0.848,14.783,-4.811,-8.506,-9.578
44.319,69.436,-39.455,-23.03,-17.124,-24.542,-7.188,8.805,16.41,4.284,3.098,-7.238
46.129,124.457,-23.645,-63.841,-0.042,-26.556,-24.581,7.264,4.209,4.225,3.625,20.999
48.327,118.217,0.479,-23.576,22.953,-22.867,-12.164,-2.176,-14.383,8.839,-5.414,25.539
47.456,77.652,-5.256,-6.33,30.061,-39.77,-23.953,3.141,14.936,12.684,2.716,23.903
46.079,34.132,-14.633,1.359,8.031,-55.236,-6.393,-9.309,19.952,12.956,-41.492,19.453
45.227,70.547,8.493,-71.581,38.794,-12.062,-19.77,5.33,18.741,8.179,-7.806,1.506
45.732,85.046,35.359,-9.271,31.348,-33.304,-12.197,-9.236,9.67,14.584,-11.694,19.546
46.142,62.101,10.196,-24.651,-21.272,-29.928,1.179,7.872,4.712,20.88,9.422,-9.117
45.676,51.622,-4.622,-0.11,-8.671,-52.931,-46.521,-11.431,1.019,-9.603,-6.974,-21.785
42.287,58.488,3.229,-22.973,-41.924,-81.324,-34.358,6.69,7.997,6.42,-6.542,-35.083
44.203,35.839,-2.3,7.419,-6.892,-9.8,-17.815,-23.604,1.549,18.914,-4.835,-10.05
43.315,20.712,-32.786,18.78,23.722,-4.706,-17.415,14.596,10.267,-20.564,14.208,-8.534
37.581,36.283,-100.821,37.871,-30.207,-96.982,-35.643,30.745,-7.419,-2.213,-23.135,-0.73
39.164,45.958,-23.239,-87.822,7.54,63.789,17.032,-44.186,-9.479,42.803,-13.05,-3.585
44.521,28.255,12.527,-75.594,18.635,-6.509,-2.895,22.112,-3.381,-15.037,-12.698,17.436
45.924,32.306,0.916,-27.268,-6.811,-45.334,5.162,0.839,12.479,23.345,-40.042,22.504
44.295,52.914,-6.806,-32.054,31.351,-13.019,9.691,5.077,10.288,10.592,-7.514,29.44
46.533,71.38,-6.241,-13.372,-19.327,-37.925,-21.373,-17.703,-2.402,10.984,-0.273,-12.73
45.982,50.346,3.893,-32.061,-31.701,-55.975,-14.119,5.142,14.816,7.641,-21.77,-32.339
45.73,68.511,-16.329,-38.712,-36.405,-57.251,-24.964,6.453,1.64,-2.005,-6.566,-15.08
46.58,65.113,-1.643,-9.949,-18.396,-26.688,-12.129,13.19,-9.848,20.901,-11.379,-35.2
47.273,84.988,-7.755,-39.034,-1.75,-33.846,-29.821,-11.47,0.16,19.132,-7.184,-18.275
46.082,103.167,-57.229,0.502,-15.468,-23.76,-49.446,37.779,-5.06,18.046,-11.392,-3.811
44.799,100.445,-29.384,-44.095,-9.772,-15.517,-19.078,-27.633,2.826,46.812,-2.359,-5.315
47.197,107.626,-23.789,-49.749,22.335,-28.532,-20.478,-0.46,12.258,-2.241,-4.698,2.915
49.666,103.453,31.284,-3.701,6.89,-29.781,6.657,0.78,-10.319,11.848,-5.974,12.372
47.861,76.815,-7.496,-12.936,24.238,-35.502,-22.107,-2.574,34.44,-16.502,-17.645,13.967
46.351,31.044,-0.82,-14.969,4.466,-29.695,-9.4,-5.238,12.063,20.41,-36.588,21.305
44.639,63.492,6.576,-48.909,38.203,-17.262,-9.057,3.967,10.784,-2.356,-2.12,6.421
47.239,61.471,-2.545,-12.442,-1.755,-10.885,-18.934,16.376,-6.039,2.199,14.251,-2.817
45.983,91.636,9.799,-19.057,-2.157,-23.695,-19.52,-0.672,-20.42,4.571,-3.519,4.387
46.729,101.754,3.341,-31.947,-2.758,-25.811,-15.361,13.518,6.24,3.335,-9.101,-9.93
46.507,93.044,3.631,5.353,-0.463,-9.624,-31.747,9.031,-8.028,30.919,0.681,-7.176
46.01,88.073,3.724,-43.831,-29.564,-51.089,-21.768,10.087,-0.016,25.774,-22.391,-4.433
46.94,106.459,-13.12,-43.66,-20.266,-55.352,-21.483,-1.05,1.469,22.417,-22.516,-11.712
47.144,85.457,11.7,-27.577,-9.227,-35.833,-25.859,-1.05,2.237,15.461,-12.876,-14.858
32.68,116.78,-131.247,303.497,4.791,-6.287,-69.92,68.694,6.462,-38.979,-140.229,-8.653
