0.171,168.828,13.772,-31.958,59.448,-52.395,19.027,0.161,-25.636,0.419,-6.273,-7.681
5.214,108.478,91.144,-2.809,102.02,-46.954,67.099,5.139,-2.448,16.285,-12.594,-34.019
8.023,102.618,128.836,-5.699,89.998,-39.304,52.909,5.691,11.319,16.848,-6.05,-40.483
12.64,94.777,173.13,-2.983,78.847,-29.83,39.328,-9.834,38.739,24.54,-7.929,-29.554
18.152,78.877,184.675,5.388,51.245,-21.996,20.3,-14.314,31.686,26.347,3.004,-17.093
22.427,60.663,197.213,36.181,57.073,-35.696,14.189,2.609,21.005,6.173,1.983,-30.089
25.565,77.735,201.581,17.471,48.645,-22.204,10.511,1.43,29.182,16.045,8.99,-26.06
31.01,42.006,116.592,-1.623,-13.215,-36.814,39.061,13.173,39.539,10.242,13.347,-15.099
35.66,49.58,108.624,0.846,-18.606,-20.102,42.687,-5.185,25.329,21.512,0.666,-17.188
37.704,34.71,79.881,9.897,-12.592,-35.561,48.082,8.742,32.542,6.986,-10.156,-16.101
37.16,72.536,141.932,33.217,6.374,-35.57,52.118,-0.471,37.943,15.047,-8.053,-44.78
38.23,65.712,160.821,24.826,30.248,-19.888,33.565,4.98,48.442,8.708,-8.48,-27.867
39.125,88.94,182.11,29.679,25.775,-26.454,34.384,-10.168,41.879,15.771,0.442,-32.5
40.918,90.205,157.605,37.377,52.603,-26.57,5.771,-3.976,33.981,1.646,-17.034,-32.604
42.172,37.17,115.923,-10.245,0.042,-19.849,28.741,21.537,37.791,8.292,13.022,-26.8
45.03,115.183,150.894,15.795,27.912,-21.937,11.188,-1.319,50.174,27.635,-4.913,-8.319
46.042,118.112,123.494,27.595,19.761,-42.68,26.406,12.93,61.076,26.409,3.528,2.278
46.815,161.845,160.556,17.535,37.501,-25.377,-22.751,-8.403,68.83,27.406,-5.467,-12.773
48.451,127.765,81.506,7.427,-17.984,-34.485,-5.069,-0.596,83.37,26.119,-4.93,-26.629
47.568,102.479,62.649,14.973,-14.872,-24.204,-10.768,0.16,62.73,25.727,-9.529,-10.636
44.446,41.335,69.443,-0.741,-1.882,-43.604,23.074,-24.96,18.346,41.263,-16.206,0.514
44.633,16.829,30.003,10.625,-25.957,-48.369,58.411,7.1,24.906,0.496,-4.431,-20.785
44.487,71.252,64.192,1.011,13.909,-41.018,73.977,-29.534,10.511,-0.128,1.453,-10.575
46.435,1.828,121.218,11.95,33.868,-45.557,42.728,48.42,26.62,8.99,-3.648,-16.375
45.394,25.059,160.528,47.978,82.82,-30.492,6.594,3.637,63.542,17.29,-9.742,-46.916
45.709,-17.465,71.513,15.736,15.25,-51.74,25.898,17.347,60.926,20.168,-4.762,-19.676
45.856,-18.265,78.987,0.937,15.555,-36.919,36.096,15.52,35.128,23.618,6.432,-5.749
46.879,27.386,111.285,61.29,74.032,-29.774,52.064,-2.236,44.34,-2.411,-28.188,-38.052
42.738,-14.242,105.309,46.815,63.259,-48.608,47.113,-5.671,45.226,5.775,-13.337,-40.238
40.985,16.879,110.956,60.368,45.731,-44.812,23.661,-16.928,26.328,4.911,16.379,-27.954
42.897,-19.849,14.155,-12.985,-8.639,-34.997,58.335,0.905,51.889,-4.902,-9.187,-21.082
41.758,-6.585,111.542,8.418,32.106,-48.451,31.859,4.881,17.46,15.275,-9.444,-27.197
43.008,17.855,122.679,45.276,39.861,-42.381,35.587,-17.388,9.781,17.595,-7.92,-7.021
41.989,10.359,97.679,36.006,49.518,-24.901,15.856,-3.423,5.701,-19.388,-4.356,-14.536
43.366,-2.917,12.858,-18.491,-2.83,-26.351,10.918,15.347,15.686,14.293,20.806,-4.216
42.341,32.802,95.78,-1.966,14.545,-41.825,27.464,41.027,20.12,9.418,9.467,-4.695
44.382,46.432,23.054,33.009,-10.643,1.437,27.728,-32.354,14.672,8.112,-9.157,-0.071
42.052,-30.847,-4.946,-17.39,-17.05,-35.009,16.967,0.005,1.015,7.552,-5.286,-9.387
43.296,60.072,60.475,52.519,24.911,-29.425,7.856,-78.612,14.636,30.462,8.009,-27.28
41.737,30.178,84.669,9.278,38.811,-14.439,32.422,29.77,26.266,-32.556,-5.294,-20.151
41.033,12.109,39.986,7.171,-74.292,-32.222,31.893,12.756,14.95,10.683,-1.198,-14.803
40.114,4.343,-40.629,54.296,-65.192,-24.176,21.868,8.16,36.054,-3.49,-12.315,-1.904
33.688,15.728,73.877,-0.192,-14.312,-32.924,22.905,10.261,12.727,10.351,-9.792,-13.969
39.11,1.902,-29.825,18.284,-10.184,-5.088,28.246,-3.504,-6.423,17.94,6.886,-3.769
34.233,0.065,73.351,2.632,12.561,-15.024,12.131,4.867,35.231,9.199,-8.789,-6.298
37.011,-17.042,-16.177,-4.628,0.264,12.345,39.759,8.96,26.658,22.177,4.652,0.317
33.79,-20.042,-12.923,8.754,-6.697,-42.793,37.062,-12.23,18.131,23.374,-1.828,-6.77
32.827,-38.874,62.669,-24.033,4.927,-28.286,63.435,13.813,33.919,18.878,-0.424,-24.889
40.944,28.548,-42.672,66.156,21.618,-32.591,21.056,-10.432,14.268,3.425,2.456,-8.504
34.747,-63.742,24.073,-2.174,-45.136,-39.462,91.577,27.185,41.446,23.289,9.212,-11.724
34.819,-24.674,76.1,4.218,-32.456,-29.648,96.018,5.962,36.81,20.351,-4.056,18.0
36.754,-24.864,-9.372,25.836,-58.686,-20.155,54.216,20.768,36.796,2.692,10.521,-3.377
34.091,-14.839,106.768,-1.35,-27.636,-12.161,9.717,0.888,40.495,11.531,4.598,2.353
37.007,-46.535,21.13,6.857,-4.58,-12.088,19.981,-4.955,32.044,17.048,-19.306,-11.092
33.1,-17.363,61.216,5.434,30.687,-42.616,6.235,-4.341,32.151,5.801,-13.041,-10.759
40.589,-20.902,-99.015,24.896,-47.183,-15.029,4.384,-31.715,-1.282,1.244,-16.317,16.556
33.849,-20.978,-5.571,-32.748,-36.654,-28.183,30.858,3.759,10.227,-2.641,12.403,17.512
36.397,-26.302,-13.716,14.245,-39.71,11.604,14.436,-6.415,16.409,9.072,-11.686,10.576
34.731,-32.264,-16.035,-16.473,-28.899,-19.513,15.179,3.356,-1.532,7.181,-6.086,-1.589
37.47,11.067,-26.895,-26.497,45.399,15.619,8.16,-20.972,11.57,-43.579,-12.389,0.085
35.155,-120.004,-46.241,-0.94,-48.566,-43.405,21.552,6.79,3.711,-12.085,3.445,-2.769
31.369,-125.68,7.165,-29.772,-15.381,-27.545,28.79,10.879,-1.108,12.765,-4.309,0.5
37.175,1.668,-13.518,-57.618,-80.544,25.456,6.342,59.915,37.475,-1.849,34.375,-8.939
37.356,93.162,37.163,0.008,-57.537,-19.111,-14.916,-22.883,36.295,12.93,-4.027,-6.488
35.749,96.096,87.535,-1.796,-37.537,-0.807,-68.121,-26.727,31.945,13.104,-5.41,1.498
38.709,-21.591,-13.36,21.654,-64.165,-3.051,-26.892,-38.523,13.84,39.136,3.306,-12.073
33.852,-110.179,78.398,8.932,-7.992,-7.67,-26.42,-15.845,-18.929,6.087,-5.724,3.121
38.769,-73.397,-28.638,33.207,-19.816,-22.0,-2.987,-15.805,-20.829,7.124,25.202,-3.596
38.636,-76.035,44.283,-9.587,-35.09,15.132,-12.303,-31.661,-12.138,-14.205,9.85,-19.118
43.016,-7.385,-43.015,17.413,18.374,0.786,-18.53,-39.876,-7.668,-10.673,13.19,-18.412
35.849,-132.484,-2.562,0.961,-29.499,-18.718,-28.742,9.954,10.812,8.476,-4.809,-26.3
35.844,-87.652,-68.606,51.146,-59.185,-52.107,-15.095,-10.7,29.789,-0.231,-6.172,-16.255
30.56,-145.407,53.672,-86.906,28.129,1.379,-14.096,-47.514,-0.547,8.854,-4.107,-25.774
38.05,-131.491,-10.677,17.895,11.469,-34.583,16.134,-47.485,5.152,0.124,12.329,3.504
38.02,-158.67,116.338,21.902,8.627,0.231,-22.946,-0.913,8.645,-4.184,16.403,-9.538
40.763,-130.128,27.47,13.02,-9.333,-3.111,40.552,-16.843,6.337,13.487,14.195,1.232
39.571,-138.501,83.116,-8.357,-43.204,-18.301,21.982,10.504,-3.181,-4.526,9.056,-18.676
42.423,-94.403,38.848,9.812,-31.012,-48.37,35.688,-42.449,-14.046,16.424,5.636,-13.918
40.741,-121.774,108.727,-6.848,-34.761,-1.29,0.034,22.116,-26.712,4.773,-1.841,-33.824
41.892,-115.23,127.451,4.712,-41.64,2.716,4.007,3.432,-31.834,4.616,4.586,-34.011
47.682,9.255,14.46,-2.045,5.396,-1.423,38.799,-12.65,-12.304,-15.22,26.799,-22.574
42.638,-83.44,44.214,63.915,-51.502,-2.726,52.258,-29.629,-19.023,2.222,-35.323,-37.97
36.884,-120.148,11.055,66.685,-69.591,-27.474,61.174,-16.885,23.132,-7.218,13.805,-29.637
30.72,-152.519,75.183,16.403,11.993,-38.773,66.74,15.068,-20.723,3.927,-5.976,-29.377
31.469,-148.138,109.915,-8.788,13.637,6.368,28.263,-7.726,19.181,15.34,-4.441,-26.942
35.75,-137.897,80.991,-34.631,14.092,7.68,18.829,24.291,18.198,-8.928,-22.183,-3.991
36.896,-142.114,98.86,-6.141,-19.173,-3.242,-5.186,10.092,8.308,14.129,-11.061,-3.567
38.107,-134.663,125.161,28.189,-23.847,5.251,-13.837,-9.616,4.321,11.347,-1.708,1.244
41.766,-113.919,-5.756,10.736,-37.521,-14.275,16.93,-27.637,7.411,26.948,8.409,-13.691
38.299,-149.685,64.783,19.431,-37.661,-38.116,-12.606,4.955,9.377,1.984,1.446,-30.441
40.312,-116.475,21.593,3.897,-20.009,12.873,16.767,-1.473,14.098,-18.087,-4.365,-29.312
38.789,-98.181,25.198,11.608,-16.552,-61.383,13.073,-11.795,9.398,3.361,11.422,-37.884
43.545,-50.065,-7.529,16.398,9.654,38.093,31.961,-43.655,16.675,-52.054,-2.735,-19.835
38.535,-170.04,90.491,4.658,-50.987,-5.196,4.738,6.726,-12.945,0.439,1.616,-23.771
38.283,-121.335,29.388,45.99,-46.883,-0.019,11.218,-8.301,10.915,-16.286,9.002,-36.316
38.683,-91.371,-22.867,21.074,-19.269,-17.379,8.368,-42.879,-0.143,23.888,14.706,-19.221
33.512,-146.991,95.418,-5.734,-13.992,-20.677,-32.777,13.7,-11.31,1.338,16.183,-19.98
40.157,-90.241,-1.462,17.472,-10.17,-8.201,3.122,-45.578,1.429,1.326,40.518,-12.579
39.203,-128.692,50.292,-3.228,-13.711,-38.537,9.815,-25.145,-13.682,10.181,13.539,-9.522
38.593,-109.152,112.111,7.256,5.526,-6.446,-11.091,6.422,-11.311,-0.814,2.209,2.64
43.655,-27.779,36.144,13.563,7.964,41.965,10.937,-36.831,4.53,-32.104,0.367,-13.772
41.455,-43.823,-27.276,43.975,-26.987,-33.862,47.144,-61.084,9.548,-41.12,-2.972,-19.748
38.139,-130.349,76.382,-14.95,-35.366,-11.931,1.527,16.746,-2.401,7.188,7.772,-28.571
39.122,-88.371,-10.08,31.722,-56.296,-45.343,3.943,-21.849,12.995,0.6,-12.231,-16.371
36.287,-61.27,83.566,14.166,35.397,-37.329,0.709,-14.988,-7.548,-24.95,33.641,-25.983
40.453,-101.746,-19.102,-3.617,-23.808,-70.266,30.756,-15.624,-8.549,28.605,-5.416,1.583
40.554,-93.482,53.826,-14.819,-7.807,-32.602,22.327,15.076,7.561,-16.691,8.12,-13.644
38.1,-88.353,117.641,11.661,10.419,-16.152,0.446,17.259,-14.958,5.031,3.036,2.378
42.342,-89.584,4.006,13.093,-29.059,-26.218,17.048,-11.4,-15.021,34.988,-0.19,-5.629
40.993,-86.685,31.483,4.549,3.244,-28.863,-2.073,-14.121,-9.492,15.037,3.832,-17.403
40.45,-113.805,68.498,8.112,-29.449,-20.182,-27.726,1.538,-17.313,-14.917,4.022,-33.601
40.095,-106.778,44.264,-6.143,-26.147,-32.998,-14.619,17.958,-10.834,-14.762,1.499,-20.421
41.454,-88.305,48.332,18.162,12.317,-5.059,-8.145,-19.689,-14.112,-35.194,5.45,-21.671
43.821,-38.196,8.021,-35.9,18.955,30.934,-12.816,23.578,7.201,-54.338,-18.443,-22.64
40.578,-71.441,34.828,-3.353,30.023,-9.982,-25.28,-21.768,-19.036,-14.408,-17.144,-32.402
39.636,-139.593,-1.295,7.288,-64.166,-29.736,23.49,15.019,4.392,5.83,-17.14,-6.387
37.494,-135.36,62.666,-29.258,-35.692,-22.531,9.332,4.529,-3.064,6.68,1.266,-22.51
38.894,-122.771,37.146,8.787,-12.62,-9.726,18.293,-0.9,8.028,-7.941,-17.169,2.83
34.308,-159.467,109.641,7.023,4.189,-12.445,18.321,0.871,-14.825,2.749,-8.917,-13.303
33.893,-116.05,90.807,12.806,41.38,-23.977,26.029,-7.952,-18.975,-7.058,1.487,21.791
37.689,-119.748,19.612,28.824,5.1,-22.103,39.988,-32.532,-8.367,19.19,14.591,9.881
37.746,-118.666,38.133,-6.495,9.641,20.688,52.333,-2.628,13.689,-35.572,-1.059,6.88
39.977,-120.931,28.358,6.285,-29.14,-44.565,38.654,-30.836,2.435,11.789,13.773,-19.202
38.742,-141.973,104.15,12.585,-25.108,-21.645,18.536,10.443,-17.328,0.522,4.684,-6.629
39.534,-107.541,111.572,-5.18,8.031,-21.5,19.747,11.529,-4.769,0.249,11.594,-2.508
44.445,-28.471,9.47,27.416,28.349,13.757,47.547,-39.47,-3.016,-14.594,-3.832,10.518
38.159,-161.895,70.068,10.184,-13.865,-18.909,47.075,7.244,-0.837,4.493,-13.455,6.222
36.24,-194.646,99.432,-0.876,-12.71,-31.937,54.685,-1.632,-9.822,7.713,4.914,4.014
39.062,-110.207,-8.062,23.31,-47.326,-27.356,55.943,-2.784,29.245,-14.794,13.506,11.363
36.12,-119.622,90.684,3.21,-9.814,-36.152,61.186,24.31,14.378,7.275,0.026,3.549
37.415,-36.058,93.534,4.073,-6.964,-20.072,49.097,26.098,27.502,8.242,-5.823,-1.58
37.187,-4.7,112.615,30.373,24.641,-29.303,7.946,-14.192,15.203,2.377,4.969,-0.693
40.863,-53.042,10.508,2.866,-42.155,-39.39,1.089,-1.858,7.118,12.521,21.483,2.852
37.264,-85.014,129.557,0.835,-11.96,1.692,7.486,-6.824,5.885,-3.169,13.063,22.2
41.681,-72.341,14.868,2.412,-34.599,-29.03,22.82,-45.467,-26.887,6.961,22.564,6.506
43.671,-100.889,-1.17,11.728,-44.114,-37.471,28.074,-19.965,-18.111,24.464,-2.56,7.282
41.655,-126.652,69.031,13.298,-35.698,-31.45,9.203,14.838,-1.98,-12.064,6.752,-11.587
40.381,-138.338,83.041,17.977,-18.002,-22.551,10.57,14.196,-3.891,-3.291,0.732,-8.233
42.569,-75.49,58.89,-27.763,39.653,12.588,15.749,21.106,-5.515,-46.214,-19.359,-3.624
40.326,-139.297,9.625,8.498,-45.568,-54.386,22.837,-6.101,15.613,-0.637,-3.768,-10.087
37.678,-145.55,64.699,17.956,-9.946,-36.099,11.027,11.116,13.326,7.317,-1.262,-13.134
38.58,-109.841,7.467,4.172,-30.427,10.699,34.785,-8.067,21.933,-20.571,4.998,-13.835
36.123,-166.355,87.071,2.86,-13.052,-16.601,10.547,-3.8,-5.263,15.668,-4.49,-15.805
34.711,-159.886,104.782,6.185,8.047,-18.896,5.791,-0.74,-17.174,-11.585,2.475,-9.344
36.281,-124.964,18.005,17.73,4.383,12.982,0.697,-20.213,9.145,-38.965,-5.137,-15.173
36.721,-94.409,8.733,-12.388,-2.798,17.108,-4.244,-12.653,19.282,-22.81,16.285,-7.71
37.179,-84.874,3.945,3.98,6.274,-24.818,-12.946,-42.421,16.039,9.223,0.11,-14.882
40.261,-26.796,-46.905,36.151,51.443,-10.588,21.695,-41.953,3.152,4.295,7.586,-7.672
34.975,-115.139,-5.582,-18.084,-47.29,-42.29,15.511,0.795,29.196,0.255,11.284,-33.659
34.833,-93.695,-29.802,52.282,-41.473,-42.162,10.835,-8.234,35.448,6.013,-3.605,-13.929
36.5,-88.878,-50.906,40.77,7.6,-33.192,15.941,-22.112,17.814,22.605,22.396,-18.094
31.018,-99.872,27.747,-35.561,36.877,-26.71,-3.975,-0.301,12.751,10.135,1.482,-21.797
35.814,-54.366,2.703,-36.696,-22.237,-7.57,12.594,-35.111,19.981,26.653,27.86,-9.674
35.063,-79.09,2.026,26.411,-3.905,-53.41,4.793,-11.388,-5.347,5.51,-21.807,-2.017
33.935,-95.663,35.877,-77.045,-0.821,-3.443,-6.584,8.428,-5.552,0.275,-17.169,-27.289
36.639,-59.309,7.57,-17.088,-11.742,-58.975,-0.946,-1.343,-16.869,-16.915,3.967,-56.34
35.271,-51.773,2.302,-5.093,-8.028,-61.658,16.147,-26.114,-22.177,-3.412,0.873,-26.571
43.109,-5.316,-3.911,-9.079,19.239,31.889,1.074,-33.076,16.636,-35.772,26.685,-17.536
40.649,-109.616,24.876,5.37,-59.264,-7.796,9.023,14.074,12.003,10.155,6.915,-8.208
40.711,-83.149,49.641,-19.043,-27.78,11.147,20.332,0.658,0.515,-0.259,-9.798,-11.527
39.688,-89.926,102.177,-0.791,-2.934,-16.784,-11.251,3.608,-34.72,-3.217,9.14,-15.218
43.673,-76.956,16.387,13.39,-11.438,-10.343,1.886,-24.204,-9.54,-5.415,11.317,-20.892
39.235,-125.105,92.033,4.404,2.866,-14.541,-43.319,-0.95,-9.071,-4.509,8.278,-26.491
42.602,-90.176,13.873,-4.371,13.031,-35.189,-30.313,-41.856,6.771,8.938,-10.387,-15.264
41.609,-114.641,66.628,-11.131,12.797,-21.628,-32.377,-19.358,-25.163,-5.216,3.665,-1.965
41.891,-103.204,74.083,3.462,-6.564,-4.819,-9.811,-13.996,-28.25,-4.138,-6.081,5.226
42.357,-121.477,64.79,-19.419,11.242,2.087,-27.819,-11.346,-8.566,-9.713,6.984,-1.092
42.537,-141.92,91.089,-10.759,9.338,-1.306,-31.503,6.581,-27.322,-16.548,-8.376,-6.883
45.058,-98.849,68.833,-73.151,29.688,-3.532,-15.233,49.369,-7.373,-12.806,-3.982,2.797
44.882,-121.554,55.884,-5.878,5.246,-16.943,0.999,-2.255,-2.539,16.121,2.047,9.714
44.356,-124.948,70.532,-30.549,13.303,-20.256,-6.018,5.396,19.666,5.052,13.964,6.238
46.251,-97.349,18.6,4.103,0.385,-23.564,-9.983,1.263,38.828,6.277,7.005,4.985
46.57,-64.75,52.607,-25.164,43.079,-24.113,-32.213,1.684,11.827,10.055,10.838,5.829
47.976,-55.64,75.044,-11.774,30.429,-15.033,-41.056,-15.943,-1.035,-1.875,8.129,17.176
48.976,-36.976,68.252,-18.744,14.787,-9.73,-33.306,2.082,11.308,-6.355,19.98,38.856
50.135,-18.215,15.584,-22.587,-13.832,-42.588,-19.575,1.821,28.769,-2.467,10.187,51.557
49.871,-20.193,57.797,8.197,13.334,-18.007,-26.443,-36.55,28.94,10.313,-2.338,48.383
48.912,-65.664,77.826,8.527,37.246,-16.161,-40.193,-24.971,-16.032,-23.5,10.126,9.064
47.03,-86.503,73.115,0.432,52.961,-21.097,-32.706,-26.441,-14.935,-10.347,8.922,9.705
47.834,-60.508,46.786,-34.724,61.631,1.086,-21.306,-1.328,-0.079,-30.86,0.77,9.772
47.608,-94.4,85.7,26.411,20.289,-20.452,-51.157,-19.084,2.548,-0.731,1.716,12.464
46.757,-120.318,57.483,16.483,-19.951,-27.114,-14.563,3.168,14.732,-10.333,-3.038,15.623
48.866,-54.418,73.226,-5.566,-64.752,11.941,17.323,7.746,3.539,-3.536,7.614,-22.208
47.704,-57.24,136.935,16.16,-60.407,-1.338,-17.308,-5.998,2.13,3.137,2.928,-6.862
47.759,-58.869,164.654,8.962,-42.969,5.322,-20.068,1.346,3.791,3.065,7.442,3.664
48.434,-62.506,166.701,8.702,-15.508,4.589,-42.733,-0.386,-9.559,-1.209,7.635,-2.042
48.63,-67.697,130.652,4.623,-13.475,-8.462,-33.285,-13.881,-6.38,11.608,0.013,-6.483
47.871,-74.323,136.802,18.832,-8.808,-0.707,-55.553,-9.55,18.185,8.813,-4.147,-29.446
47.638,-78.62,135.524,13.019,14.891,-5.477,-52.425,-4.387,13.964,1.942,1.409,-16.06
48.118,-96.944,90.342,9.28,0.088,-6.534,-40.585,-20.684,17.502,15.895,-15.285,-21.186
47.917,-113.873,99.208,-1.396,-23.219,-4.252,-37.823,-4.095,-0.51,7.321,8.803,-8.184
48.518,-93.754,96.601,-0.173,-9.458,-14.723,-26.465,-7.759,-15.222,-1.524,5.568,7.977
48.349,-87.565,106.281,7.705,13.418,-18.866,-12.088,-2.067,25.703,6.454,9.444,17.889
48.275,-88.676,80.074,13.055,36.966,-40.54,-36.193,-0.354,8.675,-7.609,12.312,23.859
49.583,-67.266,43.393,5.207,34.715,-13.085,-6.247,-20.468,6.554,-1.558,11.604,9.308
47.121,-114.514,71.657,4.537,1.177,-16.449,-26.77,-3.622,14.224,-0.564,8.469,16.93
45.998,-127.003,48.573,4.463,16.076,-19.159,-30.861,-7.945,11.696,-0.694,-1.987,3.295
42.749,-162.132,38.694,-23.864,34.121,-21.052,-43.426,-10.547,-12.211,-2.783,4.372,12.995
43.24,-160.2,35.371,-22.109,34.321,-15.652,-50.9,-4.206,-17.082,-11.388,7.568,2.789
42.884,-156.561,48.772,-23.718,39.755,-13.894,-51.558,-2.317,1.195,-4.675,3.635,-1.441
43.136,-151.914,49.637,-21.323,33.983,-27.315,-42.251,2.991,3.792,-5.412,9.492,-15.039
43.945,-142.389,44.171,-20.298,52.394,-28.533,-41.38,-10.631,-13.082,-1.225,-0.341,-15.591
44.151,-139.189,26.663,-42.025,30.064,-13.028,-38.892,-13.779,7.136,-4.481,-5.099,-17.396
44.118,-140.705,70.812,-23.604,36.012,-18.413,-36.676,-8.026,-0.638,3.877,1.344,3.154
44.205,-140.24,58.184,-9.13,60.319,-20.737,-46.549,3.839,-11.947,0.532,-1.51,-1.51
44.871,-131.239,76.312,-34.85,56.151,-29.663,-39.048,10.544,-23.3,-0.291,21.707,2.264
47.686,-101.72,61.736,-5.169,1.279,-19.53,-36.005,5.215,-12.719,2.667,3.609,-3.521
47.227,-95.397,50.8,-12.42,31.154,-27.058,-38.008,10.169,14.808,-0.438,4.991,0.507
49.722,-33.522,43.671,-0.151,18.27,-2.23,-28.73,-12.017,-21.697,-8.083,5.817,-28.128
47.571,-71.042,118.477,33.998,0.16,-8.925,-70.692,-12.928,-17.701,-4.934,-11.289,-16.021
46.542,-106.28,69.235,-4.249,-4.26,2.609,-18.227,-1.02,1.684,5.345,-2.924,-31.843
48.31,-72.104,55.199,-30.163,-26.486,-5.183,7.793,-28.056,-5.213,-4.627,7.452,-39.585
48.17,-94.988,140.431,6.952,-13.961,-2.182,-31.797,0.502,-13.527,-0.003,5.987,-41.308
48.323,-81.517,151.08,18.356,-5.736,-1.799,-47.034,-8.435,-12.896,-0.894,-4.174,-35.559
47.931,-101.135,147.49,29.108,-0.576,-14.657,-32.744,-13.212,-20.838,-5.248,3.259,-22.883
48.048,-113.802,87.355,22.436,1.704,-44.078,-10.254,-14.509,-4.127,3.081,-0.861,-35.866
45.335,-119.001,118.145,13.104,28.292,-5.379,-45.82,-11.144,-13.454,6.335,-11.559,-52.296
44.523,-130.122,111.727,9.649,39.223,-9.517,-39.49,-6.03,-12.983,-1.454,-2.655,-44.077
45.992,-132.257,56.835,-9.433,20.886,-24.879,-18.411,-13.956,-0.161,20.634,-6.26,-30.001
46.038,-139.993,92.515,-15.139,9.682,-20.726,-32.436,-1.154,-10.679,2.71,9.351,-28.054
46.392,-137.714,73.868,11.701,5.417,-31.33,-50.743,-18.755,-4.63,-7.886,2.049,-20.95
45.127,-140.764,60.014,-5.373,33.838,-22.575,-52.006,-9.806,5.757,8.781,2.956,-17.176
46.967,-95.035,45.135,-19.923,50.438,-7.834,-5.594,-19.577,12.375,-17.496,8.272,-17.791
45.847,-127.458,98.272,18.218,27.846,-10.693,-22.377,0.743,1.067,3.777,-6.443,-0.789
46.113,-141.568,76.089,1.116,-13.16,-10.109,4.311,10.63,7.22,13.523,-1.884,-24.265
46.554,-112.914,98.42,-9.568,23.612,-7.026,-17.2,12.01,-0.455,1.626,-0.032,-6.283
46.038,-124.004,74.706,4.924,30.171,-10.305,-29.762,-4.009,8.973,-4.072,-16.311,-8.656
43.126,-164.039,81.723,-15.797,35.056,-18.608,-40.808,-1.316,-4.074,-6.296,14.38,-9.076
43.19,-159.988,105.941,0.156,34.027,-10.054,-47.374,-12.997,11.747,2.022,-2.666,-27.797
45.095,-145.501,62.263,3.974,17.196,-5.043,-22.28,-17.203,6.98,-3.502,11.158,-8.842
43.775,-190.19,77.655,1.678,17.358,-14.645,-33.029,-4.572,9.079,-3.531,6.34,-1.2
43.3,-186.109,83.033,-4.009,14.817,-11.094,-39.884,-6.976,8.712,14.186,-1.042,-14.677
42.542,-187.146,78.104,-22.821,20.54,-17.626,-29.903,5.341,7.054,3.346,5.623,-14.795
42.9,-188.664,99.432,18.379,21.744,-30.016,-56.431,1.062,9.226,-4.222,1.511,-11.366
44.855,-158.969,81.955,17.57,12.928,7.161,-30.191,-15.986,-2.598,6.312,14.828,-15.966
45.438,-141.401,63.302,-1.171,-1.543,-13.517,-25.875,-1.698,-12.334,-12.704,9.125,-0.212
44.395,-140.543,64.053,1.615,0.341,-9.346,-13.768,-17.305,-14.953,-2.065,0.532,13.777
44.783,-129.492,59.516,-51.756,28.677,-4.397,-29.604,29.36,-6.272,-23.012,3.383,16.96
44.003,-133.424,29.652,-27.807,46.11,-19.414,-44.174,-11.974,-11.405,-8.45,8.103,11.466
43.907,-144.685,13.676,-8.303,17.608,-32.805,-32.705,-4.972,-5.805,4.615,14.135,-18.267
43.962,-159.784,68.342,-15.427,23.071,-14.233,-36.832,-1.66,-14.449,2.822,4.563,-27.797
45.299,-135.003,80.008,-6.198,3.297,-10.51,-56.743,2.182,-3.382,0.229,4.575,-25.19
45.836,-127.181,83.09,-3.313,-4.444,-6.595,-66.691,-12.441,-3.598,6.845,5.277,-22.153
45.64,-132.535,45.344,-15.273,-9.122,-13.113,-48.037,-19.784,-10.527,8.197,-4.762,-22.24
44.19,-149.7,62.797,-20.827,18.903,-8.88,-54.363,-4.166,-7.643,4.519,-2.575,-14.258
43.19,-139.896,62.403,-18.163,7.114,-3.951,-69.498,-21.559,-4.657,-2.343,0.231,-20.671
44.265,-143.471,19.45,-3.812,-1.929,-46.338,-56.53,-21.363,1.375,-0.201,8.775,-22.24
43.395,-154.026,53.422,-1.669,1.577,-22.803,-71.061,-2.884,-5.496,-17.37,0.327,-0.872
42.723,-163.417,42.473,-15.308,8.748,-21.739,-56.84,2.392,-31.828,-9.082,12.772,8.604
41.853,-167.343,27.264,-25.598,30.0,-21.628,-55.729,2.119,-35.615,1.668,7.376,2.059
42.161,-160.078,29.788,-15.77,10.302,-25.484,-62.084,-0.391,-25.236,-7.922,6.911,1.754
44.305,-97.513,-23.593,-1.418,50.106,-1.156,-40.427,-38.728,-15.19,-22.968,18.779,2.521
42.793,-164.711,10.519,-11.356,14.917,-22.322,-41.877,-15.825,-13.976,-18.581,10.24,-19.658
42.617,-149.136,-13.083,-1.65,-16.223,-26.19,-33.182,-19.249,-2.768,-3.975,-5.051,3.726
38.463,-188.24,13.974,-31.13,6.416,-19.785,-60.109,-2.215,-21.703,-4.731,9.934,13.322
38.189,-181.76,-5.944,-31.849,23.899,-27.461,-52.12,0.127,-10.687,-14.188,21.308,11.342
38.672,-196.267,-3.575,-26.197,20.098,-41.62,-48.342,-11.124,-19.641,-8.173,18.226,8.254
40.542,-144.515,-39.935,8.622,22.134,-39.57,-30.276,-48.493,-15.415,-5.143,13.328,22.241
38.137,-168.964,-13.752,-39.031,39.183,-22.668,-37.809,-25.362,-12.592,-5.504,4.744,7.955
39.973,-156.049,-8.956,-39.842,17.305,3.359,-38.489,-5.29,8.244,-33.595,8.779,-9.761
42.226,-152.01,78.07,46.659,-1.859,-30.825,-20.074,-15.169,-26.922,-15.241,29.298,-22.248
40.746,-151.426,44.484,1.3,51.129,-30.771,-18.497,1.801,-14.731,-30.912,6.383,-29.923
40.139,-127.79,-6.038,-5.752,59.339,-31.534,-23.143,-18.979,5.84,1.465,1.14,-27.163
43.362,-28.974,-25.358,-17.768,82.039,23.219,-32.935,-7.448,34.114,-39.748,6.251,-31.702
40.874,-99.825,-42.918,-5.534,20.774,-56.77,-15.554,-20.867,37.291,2.009,-13.989,-46.375
42.394,-66.289,-27.029,-46.098,27.326,10.569,3.401,-4.9,33.864,-12.598,23.134,-35.149
41.27,-52.873,16.299,-31.087,34.983,-24.691,-32.624,6.072,14.079,-5.422,-6.397,-42.72
45.239,-42.775,-3.161,8.632,42.087,-6.196,-37.255,-33.556,2.171,1.508,-12.799,-23.825
46.403,-38.295,4.142,-38.224,15.784,3.43,-72.903,3.364,5.951,-4.864,12.794,-37.477
46.759,15.828,27.159,-38.589,-5.102,3.554,-77.305,-13.245,-30.585,-14.593,-8.542,-30.319
45.842,23.501,-44.096,-22.685,13.913,-4.582,-40.799,-22.532,-17.211,-32.804,-4.746,-2.75
42.258,-61.881,-6.597,-4.201,17.897,-34.252,-43.514,-5.477,-18.974,-0.118,-6.589,4.756
40.76,-73.892,-58.687,-8.521,-13.507,-23.832,-5.102,18.488,13.657,1.948,1.103,9.951
37.47,-67.13,-12.861,-38.935,15.69,-42.244,-1.045,13.742,24.442,11.581,4.754,-13.357
40.769,10.929,-34.184,17.532,2.187,-28.647,44.257,17.915,51.392,4.683,-4.766,-11.556
41.663,-90.126,-5.35,0.847,58.951,-0.28,-35.065,16.179,15.2,11.249,-21.722,3.354
41.599,-59.438,-28.107,-30.755,12.554,-17.536,-1.32,-36.339,-1.069,43.582,20.334,4.883
43.548,-85.504,-6.867,-50.144,68.208,-28.817,-63.234,5.829,11.234,-6.993,1.103,3.327
41.174,-69.123,-16.849,-25.283,-6.661,-50.217,-14.043,-15.717,-12.732,8.664,3.049,2.192
45.448,-12.611,9.585,-45.785,-4.981,21.617,-58.857,0.845,-5.607,-15.054,20.319,4.962
44.906,-40.693,-10.253,-19.104,5.909,-23.068,-49.904,-24.046,-23.722,-3.657,-12.787,8.756
45.902,-9.277,-72.118,7.358,31.803,-3.893,-25.252,-27.598,-5.314,-26.015,2.51,15.339
41.577,-22.591,-47.889,-32.408,-28.813,-33.046,33.634,25.319,17.171,0.604,14.102,18.205
44.336,-66.262,-13.796,-40.907,68.556,-49.523,30.463,-0.448,35.501,22.566,5.374,32.418
44.612,-50.727,-39.16,-4.039,75.291,-52.91,-8.069,13.742,19.587,-0.471,-10.972,32.752
42.082,-74.563,-24.063,0.41,41.923,-13.906,-23.11,-0.955,-7.719,-6.255,-6.445,-8.183
43.235,-19.552,-43.746,-38.256,21.737,0.252,37.373,-19.618,-7.417,10.821,21.844,-1.195
44.905,-69.687,-29.868,-20.677,47.831,-30.648,-30.78,-4.744,-10.214,-5.574,-12.398,1.738
43.107,-29.184,-25.952,-60.546,33.723,-8.385,-20.541,29.029,-8.799,-18.97,-8.536,-5.328
45.381,-25.256,35.003,-62.998,46.699,23.582,-42.674,1.144,3.729,13.501,5.377,-39.359
46.66,-27.755,19.297,-32.324,34.139,-18.871,-88.161,-11.996,10.711,9.456,-8.91,-36.184
46.379,-32.727,14.379,-15.128,30.629,-27.452,-88.364,-10.047,8.929,7.139,0.032,-31.593
46.797,16.787,-43.546,1.405,23.897,-39.28,-33.605,-31.549,-0.413,0.948,-2.774,-1.06
42.369,-45.561,-38.108,-22.471,3.279,-22.28,6.392,-4.578,2.745,18.081,-12.568,12.267
41.465,28.384,-44.82,-38.827,72.007,-35.014,43.716,14.292,-22.911,-24.914,-7.985,5.842
40.423,1.712,5.62,-28.815,47.745,-9.988,15.657,30.735,10.705,2.248,-13.187,-1.481
41.418,-45.615,-15.021,1.92,39.57,0.329,-57.31,17.119,-7.96,5.592,-10.114,-15.315
44.37,-4.64,-27.024,-61.478,-4.464,0.572,-40.918,-6.253,3.535,12.499,24.918,-8.407
45.23,-20.396,-34.51,-7.59,18.356,-3.319,-75.347,-24.201,-6.854,4.476,-31.613,-9.747
40.127,-33.621,-28.646,-25.768,10.063,-15.611,0.21,-8.286,-12.022,20.717,-3.433,1.27
44.162,-16.134,-8.149,-14.062,47.432,28.484,-64.091,45.065,-5.06,4.331,3.108,-31.574
42.911,8.083,-13.499,-37.444,35.662,-37.911,-35.744,-63.049,-19.083,29.686,-2.557,-1.87
40.094,2.162,16.36,-36.954,14.253,-32.129,33.036,10.352,-6.117,0.995,-3.912,9.935
46.551,14.903,-40.79,-19.17,37.795,16.698,-6.399,-41.509,-16.185,16.451,7.216,-0.838
40.381,-96.217,-33.809,-16.884,-4.705,-10.186,-27.087,10.661,-3.188,-19.792,-18.967,3.101
43.519,-56.141,-26.467,-33.415,8.086,-20.274,20.695,-19.314,42.853,24.411,14.402,5.317
44.546,-43.817,-5.408,-45.702,96.133,-36.07,-28.679,-4.196,64.307,17.156,1.072,5.38
45.605,-34.408,-10.215,-31.799,84.132,-40.354,-35.842,-6.793,53.298,27.147,-0.956,3.014
44.832,-33.904,-2.669,-60.144,-8.322,-15.735,-49.194,-5.017,17.906,2.318,2.682,-31.686
45.879,-34.086,6.709,-14.298,2.309,-18.743,-94.967,-21.81,5.455,7.14,-21.959,-66.047
44.501,-33.581,-17.356,-22.991,9.059,-7.043,-60.973,11.652,-6.681,-2.975,-13.763,-29.681
43.269,-58.81,-14.281,-56.071,28.912,-25.732,-26.193,0.447,-4.655,2.079,8.049,16.967
46.633,-65.199,4.521,-49.695,50.156,-18.138,-48.517,-0.041,41.79,13.373,4.868,25.413
44.861,-35.075,9.114,-57.087,-11.02,-21.35,-76.146,13.496,-0.535,-13.561,14.486,-4.886
47.011,25.704,-29.473,-10.775,-15.664,-23.245,-73.099,-16.328,4.599,9.742,5.963,-20.218
42.685,-1.346,-38.962,2.953,-14.789,-20.96,-66.7,-29.714,-2.476,-6.52,-12.113,-17.317
41.866,45.492,-66.005,-32.123,-28.56,-23.374,21.863,26.397,10.161,14.705,1.122,-14.962
39.596,42.236,-13.904,-11.882,14.665,-28.523,15.757,-34.853,-5.195,7.123,-18.096,-25.993
41.182,-83.841,0.075,-28.999,67.822,-6.328,-39.513,20.277,16.911,-0.162,-17.133,-1.709
40.181,-40.641,-17.072,-56.684,25.592,-15.269,-7.67,-40.91,-2.402,22.557,14.102,-17.171
44.077,-76.395,-1.081,-59.903,64.221,-30.608,-61.124,4.737,27.372,3.438,7.301,6.589
44.277,-0.319,-22.332,-58.22,8.709,7.116,-73.433,-28.525,20.129,-17.401,0.455,1.844
42.644,33.115,-56.498,-37.114,62.518,-41.365,14.181,-22.814,-9.927,-34.54,7.366,-8.574
42.667,-17.17,-51.749,-33.701,22.129,15.682,-48.048,3.71,-16.453,15.391,-15.615,3.374
44.599,39.983,-64.909,-36.592,41.16,8.506,-1.716,9.344,6.869,8.806,10.724,-10.56
44.25,-13.767,-54.096,-30.189,-7.845,-27.307,-40.911,-19.646,15.322,17.142,-10.707,21.389
40.637,-17.638,-69.795,-50.467,14.124,-19.047,-9.119,-21.697,-6.762,9.169,-9.427,7.318
42.715,17.766,-56.454,-41.76,46.643,1.529,23.32,-31.225,22.318,-44.686,-8.739,-2.025
38.348,34.379,-49.06,-27.471,66.463,-48.986,25.837,0.403,-9.025,14.611,-21.82,-3.079
38.085,-1.531,-3.739,-3.915,26.915,-16.037,9.545,-1.674,14.384,-26.546,-19.659,6.911
41.878,-61.786,18.956,-67.401,28.932,-34.901,4.68,-32.36,10.138,30.435,31.01,10.802
45.419,-64.978,-18.12,20.998,29.213,-43.338,-30.898,-6.627,-5.937,-0.365,-20.981,14.994
42.167,-112.404,-7.847,-30.544,-12.867,0.45,-31.39,-8.973,11.081,-0.214,-1.706,23.01
41.234,-59.04,-18.017,-19.507,-2.978,-12.823,4.482,3.873,-9.404,-21.565,16.462,11.09
42.623,-58.101,8.545,-44.711,33.588,-6.784,0.327,65.04,-36.571,6.667,-5.745,-1.135
42.723,97.709,-32.131,-47.295,57.382,-37.007,44.837,-3.464,-15.546,9.531,-1.997,22.474
44.376,-34.44,-10.014,-42.079,12.341,-3.192,-55.357,-4.236,10.433,17.563,3.969,-8.022
44.895,-28.859,-20.432,-22.726,13.326,-14.859,-32.91,-5.913,10.103,2.521,-11.766,11.413
45.871,-6.02,-54.408,-19.734,21.031,-14.846,-19.043,-20.339,-12.538,7.512,-0.358,3.306
43.775,-62.779,-31.091,-15.298,19.667,-42.784,-10.476,1.991,-25.339,-14.543,-0.088,21.907
41.703,-97.557,-37.214,1.604,10.036,-36.449,22.297,-1.923,-16.598,-14.693,1.496,22.849
40.051,-68.705,-32.741,-8.141,-38.064,-2.775,24.594,1.298,32.533,-10.997,12.489,31.445
37.814,-89.426,5.291,-8.954,-22.822,-28.501,13.372,-3.79,20.09,18.051,2.442,53.463
37.19,-87.218,11.313,-26.285,-12.329,-18.988,22.206,14.18,-4.135,1.024,3.955,26.454
36.24,-91.252,39.533,-8.09,12.828,-30.588,36.757,9.174,6.838,7.654,5.749,15.827
39.337,-59.971,6.011,36.47,-0.398,-40.409,37.762,-37.333,-9.227,-13.264,1.504,1.467
34.698,-89.573,59.582,7.26,4.135,-13.058,41.267,-2.348,-11.672,11.374,-23.89,-29.244
37.067,-49.9,-11.927,8.406,12.947,31.903,45.531,-15.09,14.169,-23.413,10.528,-12.07
37.998,-62.255,3.94,-6.534,29.736,-51.177,51.149,-17.651,-3.089,5.499,3.502,5.606
39.295,-60.065,19.836,-17.225,21.998,-37.828,64.57,-10.218,0.949,-3.223,4.72,-3.098
40.13,-59.201,8.286,-8.962,28.865,-49.131,37.56,-11.073,20.827,8.282,6.72,-2.875
45.261,27.965,-35.328,20.332,49.726,-2.315,26.443,-6.622,8.939,0.66,28.024,3.311
41.788,-75.181,-33.239,-22.407,-23.921,-37.83,8.132,-9.437,6.278,-5.404,13.453,20.744
45.616,-15.646,-35.642,-75.903,8.087,-9.349,-39.994,2.763,-13.231,-18.326,15.99,-12.532
42.229,-49.924,17.694,-30.251,24.399,-14.853,-34.47,-23.887,-12.871,-4.383,2.867,-15.099
44.499,-32.143,53.111,-15.257,41.157,-6.208,-40.772,-24.08,-16.715,4.878,-2.12,-8.967
44.264,-113.831,23.946,-6.258,-17.711,-26.23,-21.563,-20.496,-14.84,17.101,0.467,-17.042
46.168,-48.978,33.264,-62.314,23.599,0.507,-50.612,13.809,2.631,-18.366,6.721,-1.73
44.249,-46.664,-55.697,23.661,34.7,-28.802,-37.123,-33.705,-8.453,-4.785,-20.925,-9.972
42.518,-88.376,3.735,-68.864,2.069,28.382,3.971,33.961,2.791,-32.997,22.947,-0.282
45.473,-66.285,1.742,-35.062,39.413,-42.366,-6.634,8.317,-26.437,-10.932,6.899,20.452
45.775,-64.87,17.244,-17.852,39.62,-28.214,-8.874,-1.522,-18.714,-6.91,-0.242,19.449
45.771,-79.005,7.524,-18.947,-15.775,-34.154,-7.739,6.168,-34.528,-13.621,19.835,6.226
47.708,-56.953,23.109,-23.04,-11.679,-19.075,-28.423,12.586,-51.175,-16.079,-0.483,3.749
47.57,-44.53,2.57,-37.821,10.148,-19.015,-39.739,10.967,-33.996,-5.224,6.382,11.441
47.459,-35.424,17.038,-31.783,35.515,-23.304,-50.793,10.145,-16.4,-8.347,1.957,13.96
46.98,-53.016,-15.56,-10.324,24.529,-29.098,-58.11,-17.065,-22.01,-10.391,-4.739,-2.257
43.62,-45.218,-32.686,-20.147,60.884,-31.738,-24.196,-34.679,-43.072,-44.734,3.016,-2.349
45.037,-90.912,12.26,-35.583,51.708,-25.432,-72.696,-1.255,-24.927,-17.927,5.121,-17.082
44.738,-44.527,-41.517,7.605,45.419,2.022,-41.53,-41.736,-7.34,-28.232,11.525,5.875
39.916,-167.261,-2.151,-16.486,-41.457,-30.254,-33.907,-28.616,2.918,-8.945,11.132,-11.654
43.021,-100.368,19.031,-62.051,-29.455,5.542,-1.558,25.417,19.309,-25.301,6.939,9.437
45.362,-68.602,-0.293,-16.621,-7.21,-12.056,-51.677,-27.849,10.546,-6.546,-15.142,-7.899
41.302,-145.306,103.898,-13.52,-27.447,1.099,-29.32,2.218,-4.619,-10.687,14.578,-1.833
44.029,-113.678,76.866,17.052,-30.726,-17.109,-3.42,-22.023,1.507,-16.119,20.486,-7.565
45.646,-80.172,86.454,-12.07,3.189,-14.245,-34.742,12.456,13.047,-18.338,18.945,14.626
48.519,-19.367,58.28,-28.493,22.074,-1.674,-76.795,-4.629,6.034,-8.477,9.308,1.082
48.544,-12.868,30.896,-9.586,39.555,-19.532,-79.517,-21.418,23.54,-5.255,0.093,-5.918
46.369,-53.22,-15.098,27.124,27.244,-15.524,-48.833,-33.178,10.655,-25.36,-7.455,-4.572
44.44,-92.081,6.708,-23.381,-0.034,-2.788,-2.298,0.042,12.312,12.909,3.663,-4.258
44.769,-94.003,32.29,-15.907,17.2,-26.673,-27.82,12.513,5.809,-6.307,5.097,3.068
45.45,-88.719,41.975,-24.144,11.651,-25.474,-37.161,-3.031,-4.801,1.497,3.011,-1.114
46.422,-67.703,40.778,-36.454,-3.782,-17.539,-62.026,-10.793,6.332,3.372,13.879,10.205
47.105,-54.466,49.461,-19.526,29.514,-10.123,-64.001,-4.777,18.034,-22.375,-2.643,-10.65
44.071,-38.171,32.098,-26.145,47.491,2.126,-38.447,-28.168,-51.448,-33.367,3.844,-2.132
45.351,-80.19,43.673,-63.105,22.679,-3.351,-39.378,-8.95,-18.836,2.452,20.582,6.331
47.686,-67.643,3.624,-21.256,20.856,-16.949,-52.638,-6.265,1.879,-17.944,-9.88,3.502
46.417,-58.42,-10.193,14.091,21.905,-5.877,-22.107,-45.79,2.38,-32.871,-9.808,-5.272
44.765,-58.194,61.977,-86.35,21.426,-18.767,-33.671,-2.87,-2.602,-22.102,23.043,2.281
42.883,-112.919,34.998,-16.148,-1.167,-16.23,-23.6,-2.238,-24.585,0.624,11.807,23.424
43.286,-103.341,24.899,-31.556,2.15,-12.906,-33.077,-15.66,-26.206,-17.921,8.018,32.167
45.367,-78.333,52.48,-63.602,-4.683,17.848,-55.769,16.866,14.772,-13.948,22.949,31.121
48.168,-33.03,26.088,-50.687,1.387,-1.121,-67.684,3.989,21.196,4.688,6.584,20.981
48.559,-44.679,24.73,-21.039,12.373,-15.422,-53.923,-22.192,17.727,7.824,2.755,19.238
47.021,-67.995,-19.175,-8.499,27.847,-27.616,6.743,-7.391,-7.98,-34.137,15.573,45.221
44.004,-111.174,58.119,-9.11,3.852,-21.495,10.198,3.934,-31.452,-0.193,18.643,85.846
45.099,-107.512,56.749,-10.83,-1.35,2.833,26.488,-4.001,-15.172,-12.39,10.687,55.418
47.943,-81.649,13.413,-30.462,-11.972,-23.867,-45.852,5.357,14.003,-1.644,27.655,-1.814
46.861,-71.314,23.274,-5.837,16.862,-16.517,-73.68,-40.659,14.74,-3.039,-14.606,-4.245
44.919,-98.843,22.141,-21.429,20.591,-53.975,-48.889,3.543,2.428,-3.478,5.955,8.123
45.72,-93.547,26.32,-24.45,11.598,-19.927,-71.302,-14.378,10.822,10.49,3.944,8.716
47.017,-65.973,18.474,-23.334,25.359,-6.076,-83.414,-24.828,8.747,2.748,4.434,-2.995
44.838,-104.292,4.141,4.667,35.459,-9.22,-78.537,-33.058,6.835,-5.561,-9.249,1.536
42.326,-139.704,39.972,-60.323,19.988,-6.003,-88.561,9.932,2.492,-11.552,23.908,-18.147
44.825,-97.587,8.662,-17.625,31.183,-22.502,-96.882,-20.596,13.764,-21.59,-8.774,-6.018
48.305,-10.693,-7.127,-45.832,-7.482,-11.952,4.748,2.663,-27.325,-26.846,33.272,-30.681
50.352,-30.545,66.25,-2.666,-8.23,-16.84,-10.622,-4.389,-24.913,-1.633,2.144,-4.624
49.351,7.114,57.342,56.369,5.54,-6.17,-18.314,-1.848,-23.478,-4.85,-37.087,13.705
49.103,-17.035,58.299,-61.262,-35.717,4.59,35.103,-0.077,-7.657,9.997,13.042,-21.08
50.872,-25.494,104.534,22.384,-11.812,-10.117,22.437,-0.765,-25.081,-10.641,-13.309,-16.978
50.649,-50.946,43.738,2.921,-17.634,-26.597,-11.341,3.662,-8.901,-12.348,12.346,-26.627
50.823,-62.511,75.858,-1.005,-15.09,-20.399,-22.775,7.039,-19.714,10.454,-8.569,-39.644
50.124,-44.052,79.247,-3.373,5.815,-14.323,-32.052,8.891,9.942,4.759,-11.678,-23.308
48.954,-71.203,47.544,17.569,5.914,-17.13,-49.157,-12.671,22.867,8.068,-11.012,-19.103
47.993,-46.729,37.338,-27.536,1.596,10.083,-24.573,-13.082,-46.45,-24.805,3.655,-17.369
47.274,-85.481,102.854,-24.439,-4.435,0.304,-30.356,15.82,-11.63,5.157,11.442,15.553
48.152,-47.101,41.751,-11.592,-0.194,5.573,-56.591,-12.741,14.137,-8.028,12.15,35.408
49.007,-81.553,91.464,-36.388,2.042,23.619,-31.508,22.793,18.106,-14.997,20.535,-4.589
47.468,-85.46,88.083,7.082,33.261,-9.322,-31.902,-11.242,2.638,10.101,-6.269,3.176
45.971,-114.712,21.738,-5.254,-14.675,-20.963,-16.159,6.679,5.228,3.798,7.466,4.354
44.591,-121.051,43.275,-5.602,14.801,-21.467,-42.775,-13.123,11.44,8.864,-9.593,-33.831
43.489,-135.069,54.129,-17.559,16.403,-16.735,-50.632,-10.744,11.806,10.063,-7.617,-33.925
43.449,-130.103,39.867,-27.865,51.245,-13.129,-31.884,-3.895,-17.226,-7.052,-3.36,-32.845
42.976,-168.528,70.087,6.769,27.595,-7.446,-42.894,-4.69,3.087,3.752,-4.743,-39.222
43.029,-151.213,16.15,-4.711,30.823,-9.487,-28.04,-27.488,-3.751,-3.079,25.009,-26.369
44.644,-100.628,48.355,-36.344,58.819,-13.873,-37.688,7.576,-0.147,-4.354,-2.404,-14.561
45.927,-84.897,11.803,-28.415,43.189,-24.333,-31.604,-18.963,-5.98,4.705,2.582,5.905
46.28,-115.453,68.208,12.346,5.377,-14.059,-50.159,-15.622,-29.99,-1.696,6.482,16.636
45.041,-138.136,55.563,-5.179,-6.624,-2.501,-54.687,-0.872,-39.589,-26.255,11.187,2.21
45.226,-128.04,60.169,-6.254,13.944,-26.199,-53.347,19.633,-24.075,-26.29,19.036,-2.11
45.036,-107.873,35.664,1.179,26.109,-13.351,-37.067,-30.818,-45.49,-17.11,4.673,15.914
49.814,-22.193,25.14,-55.738,22.653,11.128,-32.571,2.08,-9.417,-38.379,29.85,-10.284
49.608,-6.623,13.374,-20.849,23.608,2.23,-34.251,23.815,-53.593,8.421,-13.383,5.196
50.527,-15.524,38.715,-52.347,-11.338,5.108,-2.59,-24.619,-17.531,6.876,0.538,-13.786
50.665,-35.518,71.73,22.765,20.842,-1.662,1.615,-0.877,-31.761,-27.533,-7.169,1.378
46.445,-76.153,44.486,22.11,-17.443,-22.631,-45.963,-23.712,-25.675,-8.88,2.259,-8.093
47.071,-66.759,70.847,-59.261,-34.743,-2.344,-39.773,-18.007,-20.326,11.372,12.668,-18.832
50.818,-71.576,101.388,7.455,-18.323,-25.302,-26.863,-1.149,9.305,2.102,0.899,-28.614
50.272,-44.585,95.008,12.072,-0.878,-15.666,-17.46,2.169,25.224,12.489,-9.619,-13.138
49.453,-47.888,77.679,6.432,-14.325,-18.524,-48.355,2.286,11.002,17.991,1.598,-10.807
48.746,-62.359,60.318,24.643,-30.483,0.545,-25.706,-53.34,2.749,8.811,-9.593,0.208
48.876,-86.992,111.131,-18.209,-13.185,1.308,-44.564,13.071,36.336,18.231,7.384,10.627
49.607,-54.197,80.963,17.61,12.012,-15.551,-48.312,-8.061,38.524,9.543,-8.004,32.048
48.786,-56.252,52.226,-28.844,21.123,9.181,-27.095,15.807,41.203,-4.037,19.399,20.373
49.057,-47.838,60.592,1.64,30.479,-21.399,-20.417,-6.536,36.288,15.314,-8.388,45.696
50.204,-52.921,31.286,-19.284,14.901,-12.07,-14.619,-11.547,-2.435,14.55,7.708,0.912
47.288,-89.949,35.062,20.17,46.213,-30.566,-22.015,-6.355,-3.85,3.603,-11.968,-1.293
42.828,-160.901,29.174,-16.47,27.315,-20.796,-28.664,-10.953,0.964,14.231,1.733,-7.036
42.085,-176.093,52.852,-10.144,31.934,-16.275,-35.669,0.56,5.543,8.66,-11.186,-39.385
42.212,-133.839,46.883,-27.896,72.469,-28.208,-5.703,6.486,3.049,-0.329,-8.659,-53.921
43.953,-132.29,0.465,-5.737,37.967,-29.349,-3.117,-35.942,-4.818,15.103,-12.394,-12.287
41.417,-222.606,57.142,-7.846,4.857,-15.217,-36.604,-14.857,-20.966,-2.079,3.308,-22.401
40.693,-220.362,53.601,-14.312,11.73,-13.244,-50.607,0.672,-7.693,-8.989,5.316,-24.097
42.804,-166.086,16.016,-3.634,22.633,-38.975,-38.7,-48.709,-9.618,-13.715,21.167,-8.922
40.867,-219.412,71.617,-12.21,16.779,-6.997,-52.043,-13.401,-17.559,5.858,8.309,-11.786
43.344,-106.334,11.089,-34.873,72.148,0.833,-37.389,6.675,-4.247,-18.38,1.089,-11.438
45.231,-77.077,38.676,-155.733,44.621,-20.575,-6.783,75.643,8.14,-21.008,18.512,-38.709
50.519,-8.909,-10.597,-14.527,20.7,-16.505,-22.904,7.194,27.052,12.744,-27.352,-7.849
47.799,33.102,-33.931,-31.163,85.724,-50.028,-22.02,-20.972,-7.355,2.601,7.812,-39.898
49.707,0.392,10.502,27.009,38.987,-40.72,-53.277,37.297,11.709,1.185,-20.461,-2.652
50.24,-8.997,-17.401,-18.089,0.825,-10.253,-1.411,-40.342,-22.155,-8.809,25.069,1.501
50.964,3.066,39.833,-24.531,14.792,-25.326,-19.265,17.62,9.553,-12.801,-4.099,-1.141
46.406,-58.505,16.203,-59.913,14.432,-8.202,-34.932,8.639,14.54,-21.594,4.805,-16.791
45.903,-86.731,74.807,-42.655,33.309,-12.154,-26.591,5.732,41.398,-2.014,4.018,-3.684
47.467,-63.723,22.571,-1.053,23.649,-40.11,-33.716,-5.046,15.003,-10.256,7.919,9.955
47.881,-43.699,-17.462,-20.058,12.392,-30.883,-12.58,-24.286,5.303,10.478,-1.002,18.364
46.783,-71.696,10.812,-6.291,32.335,0.705,-19.862,33.176,36.666,-13.828,-11.56,1.016
42.868,-66.815,44.582,-55.983,49.813,-18.517,-29.663,22.262,11.164,25.082,8.127,-14.631
44.327,-33.105,-14.102,-18.073,77.153,-30.018,-23.622,-30.126,2.253,-1.111,-13.524,-0.99
48.276,-15.442,-5.924,-50.026,63.261,-3.716,-2.006,-15.916,45.464,-50.464,13.824,-28.046
50.764,-21.217,52.983,6.817,35.347,-18.134,-28.368,16.259,37.78,-2.03,-9.255,26.199
47.674,-41.32,37.084,15.239,20.407,-9.066,-63.728,-11.804,16.295,-4.48,-19.95,4.012
47.341,-34.209,8.606,-50.802,21.952,-3.982,-39.394,14.652,24.265,-4.43,-9.76,-6.851
49.558,-36.001,-11.392,-14.998,17.971,-9.941,-12.82,-9.889,15.77,4.318,8.866,-3.385
48.088,-53.37,38.493,-25.107,26.421,-15.572,-61.298,7.083,20.28,5.19,11.518,-8.781
49.243,-26.257,16.557,-17.505,17.414,-42.021,-47.174,-7.385,14.613,16.865,7.006,-22.312
48.575,-4.447,13.783,-14.626,30.569,-29.189,-66.86,-14.591,1.166,4.414,3.341,-24.837
48.584,-24.55,4.181,-15.489,7.586,-16.129,-46.844,-21.791,12.261,9.96,4.218,-22.094
45.059,-89.951,49.691,-12.253,-18.899,-25.201,14.988,3.36,-21.151,-4.429,9.677,3.672
45.8,-125.351,29.617,15.022,16.799,-18.771,-17.368,-10.716,2.596,-7.464,-12.594,-7.6
45.9,-57.611,5.201,-24.309,12.406,20.692,27.389,5.294,12.778,-74.276,-3.444,7.96
43.642,-135.372,27.096,7.881,-33.156,-31.441,12.933,-2.649,-0.929,-4.395,-5.873,-5.118
40.73,-158.686,77.276,-16.597,10.864,-27.28,-13.748,19.424,-3.825,11.739,11.323,-18.75
43.014,-105.698,10.152,-0.384,23.4,-15.612,0.381,10.126,25.793,2.268,-13.281,-16.377
38.436,-172.226,38.38,-22.323,12.219,-26.097,12.826,2.427,5.692,14.175,-1.053,-16.887
39.174,-174.856,49.461,-3.145,38.405,-25.457,13.007,6.455,11.063,17.979,-20.249,-57.43
39.765,-162.463,61.576,-27.429,39.155,-21.532,13.229,26.798,18.445,29.662,-6.966,-48.711
42.175,-114.688,14.198,-19.178,45.513,10.92,18.71,-5.302,42.929,-8.134,-16.035,-36.463
39.283,-194.859,74.368,-1.924,41.091,-23.69,11.284,4.392,25.746,33.296,-18.595,-51.295
39.577,-195.419,78.872,-14.891,39.11,-28.697,18.84,-6.148,15.122,22.67,4.637,-37.742
44.281,-83.216,6.204,-18.243,43.394,-20.253,8.812,-13.4,35.22,2.255,9.913,-10.226
43.941,-122.549,67.495,8.111,28.177,-22.854,-22.679,-11.251,23.153,12.262,-4.661,1.935
41.253,-175.734,95.893,11.729,37.309,-14.373,-13.919,-7.052,9.809,7.699,-9.26,8.084
41.928,-156.596,69.901,-22.016,46.369,-22.095,-12.829,29.478,14.607,12.124,7.958,-9.019
42.209,-161.03,44.794,1.18,32.651,-23.461,15.811,-3.036,17.057,13.156,-8.079,-1.582
41.804,-180.218,52.377,-11.66,7.976,-44.809,16.621,18.653,23.516,0.615,5.08,-8.61
45.247,-50.99,-7.844,-21.795,62.102,-24.948,15.773,-6.212,8.628,-3.998,12.231,-10.405
46.297,-48.341,60.977,-33.294,50.504,-23.175,7.591,-14.335,-6.578,12.512,9.691,21.72
48.383,-68.107,38.392,33.002,29.87,-11.381,25.145,-15.934,-9.008,-31.967,4.874,-6.448
47.062,-69.738,38.376,-14.579,-0.19,-57.866,34.796,-3.473,32.666,-4.091,2.146,-15.735
46.732,-91.172,47.825,-6.124,37.774,-26.199,13.631,1.079,4.573,3.636,-17.014,0.578
47.459,-59.099,21.345,-20.853,-14.361,-20.791,16.697,14.719,22.455,-4.188,1.815,12.824
47.505,-41.595,9.167,-16.27,31.807,-16.594,5.999,6.881,10.565,-11.166,-22.946,2.552
42.311,-63.404,38.681,16.305,26.119,-56.029,43.844,13.327,4.89,2.879,-5.627,-2.338
48.891,-12.76,43.523,-39.686,35.202,26.408,-11.442,14.054,21.452,-2.698,15.23,-14.816
49.679,-2.039,17.135,-21.155,22.217,-22.904,-57.412,-13.646,22.966,8.735,-10.828,-11.527
47.132,-11.365,2.002,27.88,28.885,-35.686,-58.873,-6.798,17.131,-1.571,-15.227,2.953
45.088,-13.16,-52.655,47.865,26.648,-9.187,9.984,4.472,15.499,4.033,11.615,-0.724
37.132,-83.334,-23.833,14.119,-9.575,-41.545,46.266,1.047,27.746,-4.612,1.188,-3.855
35.737,-54.961,22.721,-53.889,34.245,-15.816,42.226,33.572,32.825,-18.025,0.885,-1.5
40.318,-2.564,-47.375,27.845,-15.639,-4.537,36.582,16.312,30.933,-13.256,2.613,-7.662
38.29,-110.67,14.652,-99.584,71.263,-6.658,-22.946,8.358,20.333,3.806,-6.438,7.395
42.815,-71.313,-46.309,-45.885,48.189,-44.315,-25.719,-28.946,36.24,35.795,1.0,-8.264
44.582,-93.756,-11.797,-66.031,77.321,-41.747,-54.7,19.146,70.551,17.866,10.154,14.296
46.88,-35.304,19.354,-47.878,58.64,-24.274,-51.058,-7.636,42.356,7.593,1.852,15.454
45.007,-48.432,-30.131,5.978,12.516,-29.315,-72.998,-3.397,0.328,-4.505,-16.061,-21.543
43.367,-38.482,-17.08,35.433,37.061,-20.503,-60.742,8.964,8.926,1.411,9.562,1.194
45.06,-25.482,-31.849,-35.93,44.238,9.101,-41.613,7.397,-4.637,4.331,6.617,-12.047
45.091,59.641,-84.415,-43.877,13.544,-21.482,-9.471,1.28,17.285,-15.696,21.851,15.942
44.067,-15.917,-80.847,-23.542,8.579,-9.122,-53.794,-41.459,-24.728,1.021,-30.998,3.179
40.04,-103.575,-84.715,-40.81,-26.507,-56.662,-35.08,-10.989,20.591,3.424,7.412,6.852
40.288,-68.418,-78.862,-62.75,33.597,-14.806,-38.616,27.668,7.796,-12.318,-14.557,9.696
41.977,-15.207,-91.725,-31.789,-16.392,-18.2,-10.887,-34.304,10.061,-4.794,8.644,4.316
43.999,-88.069,-4.257,-65.591,74.347,-28.775,-13.713,12.931,54.694,16.751,13.133,20.523
44.946,77.862,-92.818,-58.623,72.689,-40.672,5.359,18.774,0.546,-44.942,3.796,21.262
45.214,15.176,-49.305,-82.821,-1.812,1.882,-62.262,1.978,-16.239,15.235,11.787,4.635
45.47,58.964,-47.879,-76.418,-32.952,-7.186,-101.931,-25.355,-8.406,-13.167,5.354,-1.705
46.764,36.157,-36.217,-50.011,-28.636,-1.541,-82.016,-28.76,-2.92,-13.226,-2.03,22.178
45.659,15.518,-18.223,-44.179,-23.681,-11.278,-82.147,-17.875,-0.963,-15.057,10.026,14.601
44.831,-6.559,-15.804,-48.246,-16.095,-20.805,-73.661,6.501,-0.104,-9.618,17.387,33.43
44.681,-14.358,-67.713,17.411,-11.185,-35.205,-45.329,-23.837,-6.014,8.981,1.224,12.416
39.211,-92.868,-23.127,-26.342,-24.474,-24.382,-31.75,9.364,20.344,-3.071,20.131,10.412
40.251,-34.528,-66.901,-19.837,-0.385,-5.201,-30.501,-6.351,9.875,-6.932,-16.998,19.053
40.193,-46.729,1.486,-58.547,-3.841,3.251,-87.285,-21.025,23.326,-7.85,10.559,-10.894
41.743,88.355,-103.791,-86.954,106.601,-34.944,-51.681,25.488,21.888,-51.896,17.277,14.545
46.561,58.875,-60.552,-77.692,13.472,-27.064,-55.07,-28.312,0.554,29.238,22.106,-13.882
48.075,64.774,-3.454,-33.677,-65.859,-2.096,-125.944,-33.563,25.223,-0.521,-3.653,-17.286
47.414,8.378,-23.618,-42.304,0.27,-17.464,-93.854,-31.138,25.811,11.723,-3.012,-19.859
46.28,-56.581,20.428,9.529,-1.591,8.3,-84.996,-6.594,7.47,4.288,-19.803,-1.856
45.334,-62.49,2.968,-47.419,17.281,24.0,-63.996,-15.689,4.256,-19.713,-13.767,-0.162
45.865,-47.322,-37.53,-30.652,23.374,22.337,-23.026,-25.741,-0.793,-17.187,-4.61,-3.178
44.79,-98.593,-3.488,-64.318,11.491,-31.046,-37.432,19.978,13.846,-8.847,17.278,-3.594
46.343,-70.054,-21.04,4.399,23.004,-40.747,-5.616,5.674,15.457,26.803,-14.472,-26.366
43.3,-23.692,-8.674,-18.849,38.651,-60.852,-26.741,-20.688,-5.619,9.54,2.658,8.342
46.317,8.731,-36.602,-34.755,61.384,-8.153,-7.398,-65.273,-6.797,-8.797,-5.294,4.081
49.543,6.617,0.324,-61.358,-31.258,-3.586,-57.358,17.236,27.356,4.915,12.317,-11.429
47.951,24.44,-20.27,-20.613,-23.939,-10.461,-76.223,-36.838,61.546,5.092,4.55,51.179
49.683,41.967,12.479,-41.042,-34.489,4.369,-85.716,-3.487,39.331,-1.868,13.629,-6.201
49.102,75.9,-12.214,-24.369,-56.495,-25.485,-108.653,-28.376,35.768,7.832,4.167,-13.371
48.748,57.842,12.587,-39.039,-38.93,-10.488,-110.049,-20.754,16.458,2.161,12.523,-4.744
49.602,28.567,-13.011,-13.2,-30.039,-11.686,-76.082,-18.323,9.647,3.671,6.513,-3.743
47.153,-4.597,8.733,-24.423,-15.365,-22.086,-47.664,-13.907,31.609,10.255,-0.038,-12.719
46.271,-13.244,-9.324,-7.449,-20.354,-23.291,-19.301,-7.513,22.464,15.203,-11.22,-17.705
43.376,-68.339,23.501,-47.612,20.656,-11.954,-52.331,32.421,5.688,-3.134,-8.931,7.708
47.387,-8.022,-35.677,-33.871,18.785,22.451,-56.84,22.079,0.054,25.439,23.846,-17.427
47.697,-18.061,25.137,-28.786,34.065,16.628,-60.345,-12.006,-2.423,32.41,-19.404,13.355
45.83,23.347,-0.729,-49.856,-2.914,-6.129,-36.61,7.739,0.575,-4.444,6.773,-12.36
48.668,-40.232,53.962,-23.087,30.998,-10.195,-77.427,-5.067,13.903,15.358,8.39,-22.909
45.648,-71.837,26.542,-11.903,20.534,-3.654,-50.702,-0.195,18.4,5.582,3.094,5.554
47.109,-40.884,-12.835,-16.569,15.621,20.937,-49.982,-27.778,18.703,-19.592,-8.916,-19.749
43.567,-91.992,-12.947,-28.209,-30.646,2.906,-42.083,-20.97,31.368,-0.702,2.331,0.593
45.518,6.38,-33.671,-87.469,36.086,-1.831,-22.18,-47.742,32.498,-18.492,24.325,10.115
48.421,10.355,-9.92,-36.718,22.209,-40.615,-38.106,25.071,24.117,-0.519,6.906,37.664
48.184,-36.482,11.598,3.65,31.722,-30.643,-35.767,31.531,-18.371,2.239,-14.705,14.46
47.855,-52.486,7.764,-33.144,12.024,-15.882,-27.366,0.973,16.268,12.774,0.554,13.288
48.434,-44.82,38.891,-49.155,11.269,26.127,-35.987,-3.236,-3.068,-7.076,16.767,-0.131
49.302,-9.186,25.141,-0.099,38.161,-28.02,-53.365,30.405,-12.408,8.038,-12.676,5.132
47.287,-28.765,8.407,0.919,50.073,1.496,-67.754,-21.369,-6.202,15.005,-17.964,-9.15
47.281,24.81,-100.94,-13.29,63.279,-13.645,-5.108,11.584,-4.104,-16.142,22.167,-0.696
43.544,-11.386,-9.81,-48.389,37.51,-26.54,-51.457,9.984,0.071,-5.702,17.724,7.817
44.412,-3.253,-42.402,-20.579,8.738,-30.346,-23.379,-4.413,5.159,-9.571,-11.185,4.315
43.158,-40.974,-36.643,-44.768,39.264,-14.525,-32.625,4.483,5.395,-17.012,12.916,17.489
45.229,-67.65,-27.648,-45.84,13.451,-47.145,-1.447,-31.303,51.668,40.318,-7.118,21.904
46.691,-68.36,20.691,-48.455,70.051,-31.614,-23.447,2.541,100.515,15.296,3.631,44.941
46.266,-60.183,-7.734,12.001,54.188,-22.147,-37.582,-2.583,76.331,11.846,-21.368,53.37
41.877,-30.102,-37.889,-48.025,53.128,-22.355,-15.274,-0.288,31.608,-27.755,15.456,29.003
46.309,-81.049,37.756,-38.934,71.351,-21.454,-14.999,18.893,13.93,23.95,17.131,2.98
45.929,-82.51,-18.024,51.517,55.302,-36.359,-10.526,1.657,42.427,12.86,-34.807,1.472
37.816,-72.938,23.589,-36.903,59.938,-27.738,-44.605,3.733,-9.292,7.661,4.413,8.539
45.028,-30.338,28.13,-70.666,27.489,36.925,-50.142,7.162,8.845,3.039,6.683,-25.392
46.745,-45.871,0.419,-4.019,3.905,-30.531,-75.268,-8.81,6.759,-3.91,-11.552,-39.278
46.668,-38.127,-14.184,-11.483,27.19,-13.5,-36.498,3.559,-4.266,4.516,-6.855,-20.505
43.345,-25.24,-64.695,-26.22,60.772,-55.919,-27.005,-20.982,-36.895,28.374,-5.63,3.652
45.156,-39.825,-26.743,-54.355,5.909,-0.691,-18.019,-1.845,1.239,-18.003,4.292,-13.141
42.39,-48.306,6.871,-22.842,6.927,-4.408,-29.451,-2.303,-10.617,-17.567,-11.374,2.255
41.051,-17.724,-26.358,-49.744,36.365,-8.789,-42.524,-4.805,1.736,-6.648,-6.798,8.623
40.242,-68.24,-36.846,-27.082,18.332,-24.259,-26.76,-4.988,6.362,26.979,10.341,0.166
43.169,-22.276,-15.468,-69.544,43.084,13.499,-48.421,-7.828,13.927,-7.893,-3.998,-15.059
39.796,-29.384,-43.967,-58.323,7.61,-0.317,-41.899,4.91,9.155,-3.221,-28.582,7.678
39.405,-17.268,-43.449,-72.478,25.117,1.225,0.189,30.811,12.649,-9.827,-7.801,17.978
45.204,-90.701,-1.935,-32.896,18.711,-6.621,19.467,-10.521,2.644,34.256,27.201,18.075
46.377,-66.437,15.964,-31.842,62.086,-35.173,-7.519,7.467,-34.533,-6.554,2.73,9.927
44.029,-9.328,-45.454,-41.245,103.931,-33.662,3.912,-42.571,-63.905,-50.257,4.167,3.495
44.396,-63.493,-10.163,-47.135,22.565,-44.272,-19.6,-10.272,-37.93,11.708,-0.61,-0.675
44.863,-53.499,-19.451,-5.714,32.024,-34.623,-57.118,-10.721,-33.495,2.914,-13.911,-13.606
43.716,-49.017,-79.812,12.439,38.075,-18.665,-30.39,-30.023,-8.664,-6.158,10.728,5.228
39.656,-140.243,-36.038,-42.321,12.642,-60.136,-25.605,9.851,-6.081,-9.521,11.262,-1.421
38.801,-139.338,-7.467,-27.779,4.227,-56.663,-14.073,-14.938,-20.221,-20.354,9.597,-2.019
41.883,-105.293,44.527,-56.935,25.748,-24.692,-45.079,25.134,5.716,-12.209,31.085,-11.084
47.072,-50.163,18.43,-34.955,-36.848,-22.875,-22.642,4.414,5.456,15.975,10.038,-10.561
46.351,-48.093,35.566,26.879,20.453,-20.544,-37.537,-29.915,-17.788,-17.435,-25.764,-18.031
43.612,-59.976,-12.533,13.949,7.49,-23.212,-15.286,-35.112,-14.93,1.263,7.182,4.091
40.294,-106.357,14.715,-23.364,48.531,-16.242,-28.163,-4.293,-26.675,-34.152,4.878,-8.413
40.201,-106.396,-54.088,-12.396,5.649,-32.579,-27.252,-11.965,-20.414,-14.916,23.442,-0.137
44.12,-53.078,30.111,-113.672,4.133,3.563,-57.373,7.697,0.641,-11.211,26.181,-4.151
45.958,-55.53,22.701,-14.383,2.48,-18.657,-73.506,-10.79,16.514,2.563,-6.998,-32.902
45.907,-21.275,-46.244,3.964,7.487,-36.429,-32.732,-13.494,6.886,-1.185,12.952,-10.905
42.326,-13.695,-36.459,-55.863,25.464,-10.412,-59.979,27.855,2.176,-34.236,-8.65,3.591
42.364,-88.869,3.888,-51.473,38.449,0.979,-16.925,-21.68,-7.232,30.03,10.221,-5.484
44.779,-75.641,-9.431,-40.617,55.183,-31.052,-29.243,-8.76,-8.867,-11.265,1.199,-14.165
46.169,-67.072,-14.261,-15.493,34.38,-23.929,-46.762,-2.957,8.751,-8.605,27.263,-10.686
45.665,-74.528,6.713,-28.879,46.03,-28.016,-69.176,-12.909,-19.155,-7.782,2.701,-21.552
43.658,-94.086,7.548,-30.93,54.522,-25.456,-52.389,-9.735,-33.702,-4.461,1.753,-15.364
44.123,-7.008,-24.585,-54.824,94.454,-5.656,-52.468,20.127,-21.585,-56.587,-1.608,-10.574
42.881,-61.192,-21.433,-55.106,62.196,-26.64,-62.154,-10.863,-29.635,-2.759,1.873,-2.608
44.163,-86.171,-32.244,-45.041,52.004,-38.029,-59.04,-16.0,-6.994,3.651,4.138,-5.637
45.356,-37.467,-81.795,-5.187,29.583,-46.677,-50.94,-21.511,-4.92,7.993,-8.35,-13.937
41.0,-66.401,-38.706,-98.553,8.52,-10.839,-39.05,25.09,20.307,-20.297,6.884,-29.069
44.67,-69.64,-13.457,-54.883,-25.823,-13.96,-19.039,13.456,27.738,-8.392,16.158,-10.103
47.305,-34.079,15.32,-31.819,-17.109,-21.241,-61.221,-11.137,16.973,2.32,6.114,-12.175
48.243,-23.204,39.27,-14.125,-0.155,-9.746,-73.974,-6.347,18.664,6.057,0.923,-28.985
47.965,-10.178,47.902,-24.12,4.349,-10.759,-84.142,-4.898,9.274,0.1,-4.063,-17.314
48.342,-13.471,44.544,-12.736,25.754,-27.373,-71.56,-12.434,20.696,-1.413,4.237,-8.919
46.077,-43.994,12.356,26.188,18.491,-42.02,-59.001,-32.349,9.829,-6.906,-10.26,-14.883
42.452,-50.275,4.884,-31.97,25.95,-5.925,-48.654,-13.558,2.956,-13.135,-7.715,8.755
47.171,-41.282,13.656,-68.15,-7.576,-5.689,-87.855,7.127,30.493,-3.388,17.243,9.263
48.693,5.14,18.337,-23.549,-12.903,-22.494,-86.303,-20.987,17.861,9.055,-6.949,-40.187
48.749,-4.079,9.947,-44.166,-15.817,-18.689,-69.464,-15.54,31.349,7.414,-4.959,-31.084
46.967,-15.676,-42.045,5.632,-7.067,-28.278,-52.544,-14.288,11.04,1.112,-3.516,-14.947
42.589,-50.143,-23.299,-43.358,-7.339,-24.836,-28.216,23.466,21.002,-11.302,0.193,18.125
46.838,-48.906,12.566,-42.239,-26.472,-11.28,-18.915,2.191,16.056,6.412,22.689,4.518
48.881,-11.827,42.693,-16.119,1.255,-9.664,-43.869,-10.313,4.467,-7.636,-5.735,-7.986
49.136,-24.739,31.515,-16.965,-1.208,-11.293,-40.012,-11.733,15.452,-2.574,-12.684,3.023
48.943,-22.5,44.664,-4.507,5.037,-16.686,-49.134,-2.567,23.359,-5.928,-7.434,-20.954
47.348,-16.475,15.884,-39.984,16.396,-27.57,-50.363,-13.69,14.234,-9.109,16.184,-11.437
49.178,-35.579,-15.703,-12.318,-9.412,-26.365,-37.805,-12.078,20.229,9.025,-11.132,-5.904
48.685,2.082,-15.854,-41.446,-10.373,-11.671,4.789,-9.095,0.396,6.896,5.266,-9.106
49.958,-33.494,48.123,-25.82,-8.42,-31.496,26.591,23.008,17.759,17.383,-10.987,-8.305
48.167,37.088,29.456,22.412,-20.067,-2.615,-22.665,-15.504,8.095,-9.06,-35.158,9.254
47.223,-0.51,28.424,-52.401,-8.534,22.822,39.551,-10.741,10.752,7.742,-13.835,-6.379
48.792,-11.957,28.31,-35.955,36.949,-18.646,8.833,-21.604,10.296,23.111,18.858,-6.548
49.52,0.516,18.202,18.435,37.203,-36.163,-47.017,-4.042,34.354,27.932,-28.399,20.213
47.469,-79.903,58.79,-39.254,41.829,-32.224,-18.949,14.226,49.183,11.242,12.872,25.424
49.59,-9.097,56.685,-30.284,25.544,-6.619,-30.943,-9.843,39.008,-3.411,10.521,27.648
51.137,3.118,26.392,-32.397,15.052,-13.812,-2.579,-4.118,31.099,17.743,22.037,6.901
51.521,26.449,82.089,-1.314,34.443,-31.535,-15.893,-10.911,38.252,8.641,2.667,22.169
50.932,-15.713,35.422,20.093,20.932,-29.884,-12.58,-13.387,20.366,4.462,-9.421,17.965
46.134,-40.071,13.39,-25.347,41.3,-16.54,-12.172,-3.141,14.619,-1.003,-0.254,3.992
44.844,-86.746,30.102,13.631,61.697,-35.012,-16.143,-51.172,-27.878,-7.635,-7.236,2.187
44.416,-133.019,66.87,-5.062,3.9,-17.436,-18.559,22.167,-16.052,-7.86,3.22,6.496
44.038,-121.875,57.496,-1.848,27.318,-28.387,0.811,4.598,-13.229,-8.295,4.875,14.693
45.781,-74.088,52.78,-53.49,47.202,-14.326,-7.983,42.233,-1.241,-28.216,12.14,11.536
47.218,-25.754,-19.619,-10.233,39.436,-26.192,-14.511,-34.724,-24.137,1.611,-11.434,-12.175
51.36,15.702,-38.926,-5.46,19.212,-26.732,-35.573,21.183,-13.966,30.233,-18.72,-3.932
49.27,35.364,-40.191,-40.258,75.438,15.175,-22.924,2.091,-5.978,2.526,-12.405,0.095
24.494,85.008,-142.947,366.924,-2.478,-201.145,-80.288,89.122,25.339,-75.943,50.193,-22.408
50.241,-26.575,65.038,-6.859,17.786,-20.742,31.577,1.511,18.266,8.754,-9.905,-8.624
47.076,-51.966,32.494,5.624,0.365,-30.339,-7.46,-5.944,6.406,7.59,2.183,3.975
49.391,-58.501,37.987,-17.35,2.182,-36.71,7.894,-17.883,12.741,16.441,-3.375,-6.889
48.235,-46.147,64.296,2.31,6.438,-7.765,-46.397,-23.15,37.017,-3.156,-10.318,-6.874
43.995,-110.286,70.269,-25.734,42.28,-24.405,-10.172,-13.886,12.19,10.245,-2.553,-4.283
47.932,-91.637,64.841,-30.928,31.76,-18.561,-20.099,24.592,43.394,6.892,12.087,23.891
48.96,-50.045,72.903,-18.193,4.942,-8.01,-30.376,-5.047,27.71,9.959,7.724,41.307
50.315,-8.973,13.495,-24.086,7.761,-34.179,-2.495,-20.166,15.834,16.832,19.221,8.001
50.06,-39.999,31.01,31.401,24.114,-25.394,-7.703,-10.431,16.982,7.643,-11.176,10.069
47.82,-56.913,24.971,-1.445,40.185,-14.557,7.652,-3.215,-24.927,-38.742,-1.267,10.105
45.538,-37.02,51.738,-48.603,59.223,-27.636,-17.363,17.039,-22.708,-18.989,15.799,33.893
48.342,-1.279,-10.799,-8.416,46.434,-17.177,5.209,-35.824,-31.587,-12.141,-22.54,11.066
48.414,19.322,-39.063,-57.215,65.524,9.337,14.445,-1.155,-0.45,-53.036,-0.036,0.79
49.999,27.766,-22.109,-56.307,54.264,4.527,-23.096,-22.881,-20.566,-5.209,-3.793,3.883
46.495,58.293,-61.613,-66.437,103.447,-42.752,-36.132,-3.621,-30.864,2.953,6.777,0.05
51.114,3.515,29.816,-20.599,10.304,-30.505,-14.417,11.806,16.234,14.056,-1.534,-8.399
51.161,46.546,56.39,-13.679,6.947,-23.538,-20.753,10.879,27.705,3.137,-2.375,-12.302
49.883,31.128,-14.891,10.393,26.12,-30.612,-59.988,-38.715,34.878,7.985,-17.348,-4.562
50.084,-10.309,-6.253,-3.281,23.075,-35.422,-8.607,-48.112,20.199,39.952,-12.394,12.331
48.108,-78.945,75.908,-8.999,34.456,-36.388,-12.977,4.238,65.226,19.302,9.735,32.276
48.515,-54.183,53.746,-12.906,44.546,-29.767,-18.178,2.385,38.38,-2.5,-0.198,34.113
48.366,-31.984,-38.244,-1.117,-0.718,-43.951,-19.049,-10.328,17.547,1.864,11.012,11.84
48.63,-38.813,14.926,-7.463,-0.921,-7.296,-14.658,-9.194,24.833,10.484,-2.386,12.897
48.062,-61.79,43.934,-19.727,38.064,-5.255,-4.671,15.028,30.194,7.784,-4.614,7.696
45.303,-30.316,-47.144,-24.706,34.812,-36.576,-2.919,3.824,-0.58,-40.983,-0.011,-9.538
44.475,-23.063,-7.37,-32.573,48.669,-26.14,-11.954,-9.715,-1.055,-9.141,-5.55,28.702
47.707,10.15,10.641,-74.688,49.184,9.421,-0.431,-42.264,35.6,-40.343,16.743,0.286
49.382,19.212,-8.844,-18.643,6.053,-2.412,-43.612,-21.038,22.87,11.951,35.29,30.521
48.697,-9.747,43.142,33.928,18.973,-11.204,-70.057,-2.665,25.544,7.523,-18.881,8.225
48.44,-3.698,12.13,-42.762,19.417,0.666,-53.038,-7.828,16.752,0.137,-3.941,9.705
48.62,-9.21,-31.576,2.499,15.206,-19.165,-41.177,-4.553,6.063,2.495,-14.584,-14.387
48.197,-50.365,5.877,-50.156,0.671,-10.219,-22.54,0.798,1.61,9.947,19.173,-15.855
49.118,-0.785,26.812,-18.802,5.681,-16.589,-61.402,-20.46,12.36,6.704,-3.21,-15.016
48.352,-37.706,53.28,-18.669,5.548,-19.18,-41.339,-6.941,4.962,9.449,-1.948,-20.829
48.402,-44.193,42.131,-17.234,5.401,-23.557,-36.086,-7.438,13.092,12.353,2.555,-23.287
48.988,-44.061,20.492,-4.104,-14.059,-40.487,-30.357,-0.079,20.157,18.892,8.515,-17.421
47.618,-49.689,43.759,-13.173,-11.686,-15.682,-29.856,-13.927,2.626,8.917,-17.139,-23.013
46.269,-88.285,43.375,-20.476,31.892,-13.699,-8.87,-4.14,-21.56,-6.492,-12.223,-15.287
45.516,-104.756,16.347,-13.577,45.167,-39.468,-3.492,1.143,-10.832,-26.461,15.256,-1.599
45.664,-115.203,30.705,-11.106,39.977,-35.421,-7.42,-6.865,-15.687,-6.513,1.204,-4.423
47.611,-69.011,3.21,18.294,5.937,-44.698,3.528,-27.061,-8.262,6.574,7.056,19.239
44.285,-89.396,30.978,-1.083,25.69,-18.373,11.248,-16.52,-22.132,-12.728,-3.038,-12.925
43.354,-108.274,-18.559,15.623,1.57,-29.597,1.111,-35.63,11.999,-26.209,4.96,-5.024
41.104,-155.659,59.606,-19.472,0.441,-9.668,-17.187,-13.59,-10.525,-0.754,-7.635,-0.215
45.22,-115.297,39.373,-7.989,10.692,18.023,-9.968,0.774,16.715,-50.424,-1.361,-13.523
43.276,-134.672,53.819,5.919,8.344,-18.902,-28.955,-8.148,-4.976,1.452,-5.519,-9.81
44.203,-127.865,20.533,-25.304,8.85,1.935,-13.068,4.288,20.052,-33.449,-9.103,-19.439
46.319,-87.304,54.004,-0.205,35.362,-12.044,-5.777,1.039,1.57,-36.039,10.951,-20.444
43.565,-137.658,89.524,-6.447,34.393,-16.049,-27.254,-18.459,-4.879,18.357,1.634,-12.269
46.32,-82.905,-15.077,-13.578,41.856,-34.02,-27.676,-20.129,11.595,-4.955,13.581,-30.002
45.46,-34.462,-35.82,-35.605,28.202,-31.922,-63.898,-28.226,30.219,-9.949,4.206,-17.579
48.416,-14.489,22.605,-43.89,35.594,-2.159,-28.983,25.178,22.149,-6.519,12.098,2.733
50.004,28.451,3.7,-29.879,13.569,-34.077,-13.994,-18.704,26.699,1.678,0.351,6.116
49.728,3.72,36.526,-10.783,33.302,-14.191,-31.666,4.017,1.857,-11.386,-0.545,4.514
50.964,-21.626,52.656,-11.652,46.661,-17.601,11.629,-1.736,16.391,13.601,-7.607,29.782
51.103,-35.745,59.538,-2.353,41.249,-46.09,26.07,14.694,3.376,0.092,11.751,1.635
50.544,-9.913,26.43,-11.56,38.213,-63.59,32.891,17.393,24.705,0.073,-6.852,-16.562
50.356,0.226,32.411,-7.238,60.257,-35.679,18.111,-2.253,30.951,5.732,-11.493,-7.086
50.664,-1.493,24.631,-19.411,45.426,-39.355,6.888,3.258,35.274,16.577,-5.034,-11.601
51.137,20.766,49.76,-8.57,42.925,-43.96,12.376,-0.142,43.043,13.429,-5.581,-21.157
51.79,47.752,89.101,1.938,47.643,-41.712,8.539,-4.5,9.433,7.098,-3.402,-5.794
53.183,26.839,47.174,-4.109,46.874,-44.617,13.802,11.394,5.706,14.18,3.913,-7.708
51.809,23.649,14.067,-11.778,48.269,-52.455,39.131,-1.566,11.045,8.284,-8.353,-6.452
51.599,22.554,39.547,-10.674,77.773,-43.751,29.436,0.188,6.006,-0.976,-6.294,-7.472
51.755,26.256,46.621,-4.782,72.811,-55.171,35.34,8.983,5.851,8.527,-9.188,-26.392
51.423,22.165,51.228,-31.691,56.261,-38.376,30.19,20.066,16.319,-7.913,0.637,-6.098
53.029,24.467,23.201,-2.38,48.221,-37.868,11.185,-15.395,15.09,11.977,-3.193,12.121
51.183,-2.537,60.694,-1.006,68.83,-30.853,-2.622,0.792,10.905,-8.434,0.878,58.907
51.135,-22.453,55.651,-8.853,68.079,-35.245,5.407,-1.366,10.019,3.052,5.75,40.281
50.489,-30.67,32.843,6.407,40.327,-31.03,11.726,8.233,17.959,11.774,-2.499,28.97
50.249,-32.271,1.838,0.485,31.248,-37.107,-9.567,-10.011,12.692,0.416,2.887,8.582
47.66,-62.804,26.488,-22.09,34.868,-28.037,-0.75,-10.336,9.74,8.972,-6.608,27.108
49.998,-41.415,-0.838,-7.55,24.542,-6.79,2.409,-9.932,4.585,-6.815,9.251,0.776
49.961,-60.193,5.023,-6.119,36.28,-17.614,-0.784,-3.054,8.256,-12.817,0.519,7.738
48.835,-49.304,23.742,-42.655,13.721,-11.043,13.886,24.892,3.883,-23.321,-7.165,17.764
47.986,-86.23,8.775,16.36,3.614,-28.23,21.363,-15.613,-1.491,-7.979,-0.815,26.427
43.826,-91.969,-16.654,-1.733,33.67,-21.96,7.385,-10.029,-9.733,-31.02,-7.505,15.337
48.406,-35.514,55.279,-40.711,-0.785,0.284,11.194,35.334,25.54,-22.123,35.916,1.464
50.373,-25.491,28.489,33.332,-0.305,-24.702,-19.324,-39.102,-23.707,-10.84,6.691,-11.554
47.423,-100.236,41.702,32.097,-20.528,-29.511,-8.35,-31.695,-11.416,-10.452,-16.979,9.825
47.682,-70.783,94.12,-25.458,-23.099,44.03,-0.86,11.491,35.077,-53.271,23.424,4.883
48.345,-98.356,110.895,24.684,-38.947,-25.977,6.624,-10.335,22.903,8.528,0.878,-15.573
47.698,-122.277,132.566,19.955,-27.089,-8.814,-27.266,-12.44,5.531,-7.659,10.226,28.15
47.255,-133.255,73.262,12.132,-39.201,-27.464,3.97,-3.355,1.35,-12.511,11.804,3.091
46.242,-119.034,81.755,19.477,-15.364,-10.382,-6.865,-39.697,-25.672,-30.76,10.398,15.865
48.916,-93.652,40.09,74.327,-7.176,-30.705,0.208,-55.458,-17.144,-5.684,-2.853,4.434
44.841,-135.652,75.389,4.47,5.152,-21.453,-17.05,-17.612,-22.74,-9.073,8.259,-22.589
48.542,-77.798,111.672,-0.153,-0.366,15.538,-9.902,-8.168,10.038,-4.04,34.469,18.793
50.183,-72.158,115.871,16.738,-31.875,-15.423,-18.72,-16.563,-2.795,-8.073,6.562,7.517
49.619,-78.022,49.559,56.026,-26.187,-1.32,-8.725,-48.306,-14.117,-23.798,4.263,24.007
46.307,-113.957,47.189,-19.372,-27.353,-11.279,-3.357,-0.013,11.573,-10.84,34.626,-4.953
48.717,-72.596,40.042,49.816,-10.096,-12.287,-10.376,-40.899,5.63,-3.152,3.172,-20.944
44.851,-117.744,21.511,-4.365,-2.042,-39.989,-22.706,-20.793,11.039,-5.151,8.993,3.446
46.368,-102.712,92.897,-16.498,0.82,-23.664,-18.474,-26.258,8.892,2.453,12.313,-20.961
47.326,-133.642,92.484,29.82,-56.279,-16.851,0.292,-17.545,20.814,-3.605,5.153,11.812
49.811,-81.024,69.149,39.112,-29.776,-21.237,-1.546,-42.167,-19.174,-9.743,-3.42,-2.452
45.785,-170.408,115.851,31.17,-35.179,-6.088,-6.597,3.201,1.74,-10.676,2.073,-5.36
44.376,-184.877,35.454,19.885,-25.406,-45.147,0.986,-30.542,12.676,-2.783,2.247,-7.42
41.952,-222.053,76.368,3.867,-2.028,-23.008,-10.638,0.247,0.54,-14.83,0.097,-5.183
46.402,-136.969,90.136,-21.997,-10.303,26.909,-24.494,-1.67,45.519,-22.892,28.749,6.595
48.192,-118.367,76.384,19.338,-7.389,-14.264,-16.675,-18.07,11.049,-5.881,11.629,-7.107
46.026,-104.935,47.16,0.086,14.843,-16.354,-18.529,-3.815,6.112,-14.79,23.934,-3.137
46.575,-123.935,74.538,-0.199,-11.877,-20.455,-27.796,-14.034,5.686,-4.206,10.185,2.792
46.476,-119.449,39.602,9.356,-25.491,-21.979,-0.389,-37.728,-2.903,-20.0,15.229,-18.234
49.063,-71.595,71.12,-2.239,-1.167,30.231,-6.747,-11.165,29.119,-53.203,36.22,-6.718
49.531,-65.006,73.552,13.886,-39.179,-34.507,-2.134,2.82,0.414,-9.993,17.826,2.466
47.793,-82.382,122.531,20.525,-23.316,-11.549,-11.6,-8.369,5.768,-8.307,-2.217,10.334
49.184,-71.874,53.833,46.296,-22.01,2.519,-8.365,-48.277,21.287,-18.686,10.293,-15.335
47.648,-114.459,62.459,4.364,3.617,-44.858,-7.855,-19.723,12.281,11.789,6.546,-5.756
48.673,-89.365,108.785,3.001,-13.669,-24.957,-30.512,-9.813,24.981,-10.914,22.907,2.493
48.933,-89.668,78.753,7.869,-67.212,-31.399,-14.966,-14.122,17.707,-5.19,9.161,-16.379
49.064,-79.186,55.732,29.936,-17.609,6.996,-6.762,-44.034,21.556,-27.952,26.915,-11.185
46.096,-138.29,59.83,15.554,26.339,-20.474,-26.978,-29.639,-1.286,-19.385,9.655,-22.858
47.023,-121.15,71.795,-12.485,-41.768,-16.167,-15.96,-8.146,33.565,-10.557,38.584,1.324
49.728,-56.49,48.317,19.961,-14.641,-13.382,-6.821,-32.044,13.738,-10.659,26.113,-3.795
47.503,-92.991,116.769,8.798,-40.155,5.357,-57.476,-22.246,11.614,-9.416,-2.136,8.083
45.201,-126.325,79.849,-20.156,1.12,-7.392,-26.472,-4.797,2.489,-35.114,5.343,-10.853
48.359,-97.089,106.762,2.346,-35.023,-3.704,-35.596,-10.432,36.223,-2.398,26.259,24.18
49.515,-92.704,87.764,3.131,-60.036,-23.989,-16.285,-0.111,18.766,0.491,6.054,1.97
48.387,-92.302,126.665,20.025,-33.229,-7.109,-26.328,-5.882,7.878,-0.443,1.439,-0.583
49.156,-58.895,87.675,-20.563,12.49,0.22,-18.24,9.783,17.009,-24.61,14.845,-1.199
48.946,-85.126,77.532,19.189,-42.602,-30.089,-3.784,-17.823,3.738,-9.723,7.688,-2.642
50.007,-59.66,44.182,-5.626,-36.988,-23.566,-21.246,-2.745,14.93,5.691,8.883,30.722
49.579,-59.201,119.349,-16.331,-44.216,-5.069,-48.113,-12.569,20.645,-1.661,16.787,34.249
49.828,-78.011,115.393,19.966,-48.794,-11.268,-34.374,-3.394,3.54,-7.266,5.338,10.944
48.845,-89.105,107.547,31.84,-45.505,-15.864,-23.594,-18.279,18.508,-6.815,11.588,30.396
49.527,-58.155,72.513,0.518,-29.876,-41.321,-23.325,-1.69,3.884,9.956,-5.776,22.298
47.863,-91.107,96.596,38.274,-30.508,-8.916,-51.993,-36.985,14.127,11.171,-11.588,34.938
47.082,-110.185,72.955,24.733,-1.064,-23.553,-21.937,-21.114,-21.982,-3.216,8.767,-4.141
46.599,-124.218,48.254,-2.36,-3.002,-15.167,-10.571,-4.706,-33.442,-27.198,6.147,0.701
44.871,-149.101,72.688,19.757,-10.333,-12.447,-26.173,-20.435,-19.739,-9.798,6.152,11.773
44.064,-118.233,56.363,-16.701,11.289,-26.813,-45.127,-6.186,1.534,3.801,8.751,10.527
44.983,-85.95,6.038,-27.956,25.223,-35.942,-52.252,4.155,4.917,-5.355,3.543,11.773
42.219,-47.378,-1.639,42.823,23.426,-15.846,-8.887,-8.671,-9.445,-19.418,-20.25,31.397
37.467,-37.527,23.349,-90.538,42.389,11.279,-46.408,17.519,6.465,-19.507,15.508,16.767
39.486,-9.86,-19.771,-15.852,57.451,-25.742,-64.566,-16.289,14.964,-2.779,-10.575,-8.309
37.522,-23.147,-9.317,-23.467,60.25,-15.783,-65.95,-8.601,12.709,-0.351,-11.359,0.281
34.649,-36.651,-68.842,9.888,31.985,-33.185,-36.687,-10.839,3.121,-1.956,-14.948,7.833
31.036,-107.403,63.292,3.924,10.354,-18.398,17.615,-11.984,-14.85,10.637,9.686,11.47
37.682,-57.673,-5.289,-44.95,52.394,-3.299,-9.268,8.812,1.758,-6.861,11.345,-0.581
40.999,-25.219,-36.519,-44.414,36.812,-8.746,-45.324,1.5,2.731,9.42,6.337,-7.209
40.65,-25.717,-16.031,-37.337,67.491,-12.152,-74.1,-1.739,-6.194,-7.191,-14.007,-31.109
38.96,-43.068,-42.713,-14.887,45.974,-40.65,-66.917,-14.416,13.152,-0.728,1.137,-7.961
36.601,-65.381,-40.01,-18.644,52.741,-41.095,-59.191,-19.785,2.064,2.213,-0.363,-2.064
35.52,22.583,-96.646,-31.208,117.569,-31.184,-17.024,-8.965,-2.733,-54.925,-2.275,5.128
36.409,-35.682,-9.214,-33.578,49.618,20.062,-8.322,-28.238,-17.905,-7.916,17.689,49.82
38.544,-47.447,-35.245,-43.419,40.55,1.949,-77.253,22.149,-12.848,-24.953,-7.322,-25.791
32.085,-15.099,-110.857,35.315,24.925,-46.182,-37.88,-18.813,7.745,-2.835,-7.219,-10.528
27.94,-112.093,53.946,-55.429,60.297,-8.713,10.377,3.623,16.368,31.259,4.726,16.224
39.574,-35.707,33.178,-117.39,21.334,36.409,-21.345,-8.656,14.058,-3.702,21.319,-2.473
45.16,-39.265,30.246,3.528,28.471,-17.712,-79.699,-22.294,18.69,-7.526,-15.127,-52.346
42.181,-63.335,-4.776,15.396,39.309,-28.418,-56.559,-13.376,10.822,-0.571,-13.858,-27.345
37.283,-61.764,-31.849,7.031,-0.7,-34.412,-1.649,-30.024,-35.709,-3.519,-10.979,-4.046
35.336,-57.939,1.628,-24.622,37.96,-10.912,-2.803,-0.591,-3.937,-29.29,-3.634,-2.924
36.075,-47.552,-66.889,-18.938,53.851,-59.605,3.169,-8.286,-0.434,1.609,1.308,-0.55
41.851,-72.037,7.889,-107.534,40.809,21.937,-10.89,-2.302,-8.644,1.803,16.365,-2.31
46.824,-47.518,19.151,-13.888,45.837,-21.264,-72.248,-2.272,3.235,-3.401,-6.645,-34.762
44.98,-41.275,5.753,-12.729,42.562,-26.587,-60.656,-6.637,7.598,1.177,-9.148,-26.597
41.618,-49.52,-38.384,21.526,32.388,-37.558,-51.527,-8.938,18.592,-3.309,-25.746,3.01
38.802,1.911,-2.985,-55.449,18.201,-18.18,17.517,-3.834,13.778,-5.918,-5.378,10.974
44.153,-53.62,-16.034,-34.846,41.922,-13.228,-19.226,1.07,-11.019,-17.992,9.578,2.05
42.732,-25.516,-42.572,-65.099,26.254,-22.885,-62.052,-14.479,-6.112,5.209,3.961,-21.344
42.843,-40.457,-49.536,-31.219,43.09,-12.686,-73.312,-13.814,9.178,-9.205,-11.096,-21.997
41.145,-66.704,-18.327,-27.598,53.112,-29.107,-47.032,8.338,-4.47,-2.527,5.231,6.029
40.381,43.223,-64.34,-18.132,116.247,-29.827,-4.551,-34.302,6.032,-48.435,3.899,16.416
42.464,-34.462,-29.042,-44.167,74.215,-21.359,-30.526,-22.476,-21.043,15.297,-6.034,2.246
40.641,-70.461,-46.042,-49.27,60.737,-31.67,-20.775,-5.785,-3.335,-5.07,-1.58,2.75
39.936,-59.761,-33.121,-9.755,30.609,-19.427,-30.503,-28.935,16.816,-5.156,-18.466,-5.784
39.264,-18.4,3.305,-74.883,39.104,6.212,-44.625,21.456,15.346,-48.186,-0.63,1.164
45.061,-16.443,41.986,-88.357,15.343,7.476,-58.746,5.156,9.446,8.011,16.938,19.993
48.57,-0.873,52.354,-16.055,25.068,-5.613,-79.315,-11.943,22.351,-1.424,10.294,-26.799
46.621,-14.675,7.576,50.409,23.896,-11.122,-80.702,-28.115,13.664,-1.782,-40.123,-3.989
41.443,-7.516,-24.856,-39.315,55.693,12.569,-45.872,-5.127,19.034,-37.46,4.145,36.349
43.577,-12.982,39.839,-121.812,21.957,14.127,-84.659,6.425,31.002,13.722,25.381,10.289
49.659,37.255,40.695,-29.036,23.213,0.923,-110.524,-18.75,26.687,5.819,-1.975,-22.679
48.429,-4.395,25.722,14.057,0.129,-6.049,-84.612,-35.715,23.161,9.746,-26.475,-19.092
44.663,-43.414,-1.774,-41.918,53.726,-6.907,-41.758,-6.15,3.491,-14.696,-13.91,24.502
47.775,-42.941,58.913,-112.896,46.958,11.821,-44.456,12.1,22.69,-20.598,10.736,-18.073
51.478,17.477,41.69,-14.63,-15.492,-29.061,-50.326,-7.892,-3.988,-3.909,9.774,-42.575
51.449,29.487,12.829,-9.461,4.356,-9.906,-48.104,-30.998,3.47,15.666,-20.855,-30.032
49.042,47.763,-2.705,-44.232,-11.921,-25.856,-35.464,-11.298,-7.478,-4.561,-5.308,-47.347
49.161,0.755,-9.626,-7.329,-11.419,-34.062,-27.102,-37.284,4.578,20.036,-7.84,-40.294
47.849,-42.305,13.532,-20.911,1.91,-36.592,-33.637,-5.031,11.557,1.755,-13.053,-48.812
49.354,-25.235,41.738,-31.865,22.445,-20.552,-28.047,1.516,7.844,-8.655,3.29,-6.334
49.3,-29.179,-44.706,-5.638,3.142,-61.884,-24.333,-12.233,29.926,17.631,8.538,26.262
51.041,2.634,-12.741,12.752,1.239,-20.884,0.039,-34.655,2.685,-4.08,21.908,2.861
49.804,48.406,14.063,-19.416,13.019,-2.212,-52.112,0.76,13.994,2.522,-12.933,-18.303
50.079,59.662,6.868,-49.858,21.746,11.169,14.091,-45.6,1.066,16.891,-15.98,-6.747
52.312,20.933,20.333,3.725,43.796,-31.234,-11.75,-19.778,23.934,2.553,18.296,4.516
51.243,-0.045,39.979,9.578,35.637,-30.49,-15.46,-14.634,27.917,3.646,-0.507,22.623
50.621,-18.033,70.419,1.391,40.234,-16.895,-29.228,-13.039,45.748,13.595,5.157,40.411
52.306,-0.461,43.514,-7.194,56.49,-11.009,-3.142,-1.511,37.848,3.415,29.709,12.942
51.486,-7.714,79.06,0.445,38.625,-33.064,3.385,-2.882,36.942,5.395,5.791,29.958
51.38,-24.64,61.97,-3.522,33.415,-41.34,9.681,3.908,30.085,7.731,3.019,13.227
51.442,-15.149,26.54,32.778,38.995,-34.667,-20.0,-2.919,13.847,-3.752,-6.455,3.871
49.322,6.128,9.568,-11.954,77.714,-27.781,-13.239,-26.559,3.166,-5.739,-5.055,-12.446
51.274,42.939,-14.019,-50.442,66.667,7.051,-11.597,1.426,-6.229,-46.028,9.653,-14.803
50.435,21.597,-15.609,-25.447,73.757,-21.226,-39.523,6.436,-22.99,24.415,-2.663,-1.057
51.316,-15.813,47.236,-5.092,12.391,-34.944,8.792,-13.811,11.034,19.917,1.683,10.678
50.517,-15.185,62.419,41.702,48.571,-21.926,19.655,-8.864,-20.418,-13.693,-24.796,11.884
51.862,-19.305,43.188,10.188,40.665,20.55,-3.216,-12.198,24.204,-16.005,21.631,4.182
49.961,-42.787,42.253,-24.516,40.986,-30.888,-5.941,1.547,41.402,-14.127,12.226,21.358
50.703,-18.344,89.164,-13.638,52.858,-17.229,-11.914,4.699,36.689,0.325,7.679,44.662
51.843,-1.799,64.962,-14.1,40.594,-0.722,1.523,4.283,32.413,-7.347,18.557,20.464
52.003,-18.73,46.52,-5.441,32.253,-35.444,8.447,6.392,13.967,-0.872,-0.59,22.214
51.115,-11.2,61.114,5.21,38.277,-27.755,2.96,-17.432,-0.164,-2.611,-1.513,28.158
51.311,-23.099,63.121,2.327,38.028,-30.224,-10.311,-10.731,-0.719,-1.194,8.296,33.359
51.824,-2.525,72.027,-5.373,43.084,-29.592,-17.73,-0.593,-4.179,-14.131,6.743,31.403
52.645,7.583,60.558,5.961,41.575,-13.721,3.122,-0.283,-0.364,-5.825,0.616,18.985
50.673,-27.536,64.756,18.606,35.335,-19.379,-6.673,12.317,-0.264,0.194,-14.291,21.883
48.295,-28.87,2.642,-10.154,33.323,-42.627,9.858,-2.272,-8.718,-3.677,-5.061,-14.016
53.421,40.696,-6.876,5.218,31.969,-40.206,-21.362,5.537,-22.355,11.54,-17.451,-11.004
50.63,17.72,-9.475,-27.32,50.549,-6.924,-15.753,14.285,-6.436,-9.648,-14.455,13.143
51.768,69.374,10.183,-50.276,46.356,-10.946,-11.025,-19.326,-16.662,42.913,14.014,-11.266
52.002,-4.13,25.285,-11.673,30.705,-18.158,-11.377,-22.062,8.831,-13.411,17.074,6.487
50.51,-39.321,38.633,-16.88,40.065,-36.85,-3.043,-7.791,37.565,7.059,6.006,15.679
51.211,-15.51,68.392,0.379,49.527,-29.101,-7.169,-6.878,19.041,0.024,4.529,24.997
50.585,-14.487,55.545,-14.392,22.376,-18.432,-28.294,-3.939,31.293,2.759,4.59,54.169
52.181,10.437,33.785,1.017,26.99,-27.601,-16.553,-9.138,19.749,-4.282,16.452,23.965
50.828,3.446,60.018,-19.442,21.82,-23.429,2.161,9.918,30.21,10.073,2.265,26.955
51.387,18.477,47.67,23.488,52.099,-21.405,-16.238,-10.643,7.136,-0.141,-17.747,43.476
53.176,8.761,28.439,4.675,38.3,-31.136,-28.785,-12.917,5.817,16.854,-1.779,5.233
51.082,12.186,38.627,15.742,26.793,-10.419,-44.275,-10.96,10.391,-13.753,-12.783,-18.404
49.183,-8.766,8.994,-23.815,27.271,-9.274,-9.525,16.001,3.685,-11.571,9.151,-2.125
50.365,1.552,28.224,-47.969,20.839,15.642,-23.391,14.247,11.654,-11.753,13.992,-18.249
50.985,11.494,44.949,-21.515,-8.213,-16.49,-57.718,-9.112,8.462,9.931,1.897,-14.281
50.63,15.002,49.625,-12.696,-15.87,-8.601,-39.587,-16.781,19.339,16.168,-1.396,-13.098
50.693,14.671,70.741,-6.876,-3.69,-16.528,-52.012,-11.627,25.0,8.569,-0.038,-1.903
51.934,13.608,74.433,-14.823,23.364,0.637,-38.572,-13.568,28.006,-2.492,-2.142,-6.517
51.518,4.667,79.367,13.111,37.76,-34.974,-26.606,-7.918,28.821,6.098,-5.52,11.118
49.862,-49.625,37.047,-9.985,42.061,-27.699,-3.675,0.182,30.419,4.146,7.742,16.42
51.763,-11.155,23.001,13.174,33.233,7.424,-15.438,-4.422,26.305,-2.061,21.384,6.527
51.549,24.628,0.401,-12.986,65.354,-45.217,0.142,-27.174,42.518,3.324,19.785,27.378
53.803,34.832,16.83,5.137,51.481,-44.865,-17.226,-31.132,-1.068,29.243,1.853,8.778
51.821,-6.677,51.751,-13.919,2.801,-19.454,-6.691,-3.052,44.821,8.827,9.714,32.755
51.626,-2.051,4.905,18.036,-41.447,-50.366,-15.597,-12.929,25.252,2.557,-22.652,11.865
50.641,27.38,10.126,-25.447,0.894,-14.994,-11.38,8.311,19.894,-9.928,0.316,-7.785
51.477,29.096,-12.83,-27.403,-6.242,-23.86,-29.704,-5.054,3.022,13.016,15.389,-20.484
51.357,26.861,22.437,-14.504,-27.926,-21.803,-46.563,-29.565,5.671,0.644,-2.446,-18.14
48.989,3.464,32.322,-13.796,-15.503,-7.47,-59.344,-25.425,21.679,-6.915,-16.781,-12.868
51.54,10.972,25.92,-9.757,45.519,-19.521,15.943,1.929,36.131,-12.113,14.354,2.252
52.376,-8.229,55.839,15.96,43.261,-57.536,0.991,-13.115,38.053,5.644,4.299,22.584
50.593,-21.978,52.633,4.442,50.675,-40.925,15.734,13.437,38.878,2.991,0.01,1.879
49.703,-8.06,79.409,-2.812,81.689,-42.258,1.712,-8.528,33.58,10.099,2.246,13.867
51.503,-0.816,43.4,12.768,50.751,-24.682,3.954,-6.009,32.805,12.171,10.126,12.91
49.561,-4.715,11.192,-33.375,39.211,-33.001,-8.539,12.313,35.146,-7.291,7.979,34.581
51.238,-9.916,67.29,-13.553,49.195,-22.181,-39.698,-4.112,16.859,16.237,9.69,19.86
52.788,12.272,26.094,0.654,37.238,-20.581,7.715,-11.958,24.8,8.455,0.993,8.121
52.068,36.282,5.238,-28.758,55.893,-33.33,9.223,-32.547,11.379,7.637,-1.827,13.565
50.902,-12.626,36.32,3.704,9.111,-45.368,-3.297,-3.53,13.737,4.455,-0.893,-40.067
50.512,-15.118,68.866,-9.898,-2.834,-25.836,-6.089,-5.638,30.705,3.845,-1.312,7.638
50.331,6.476,28.938,-18.958,14.662,3.677,-5.333,7.268,33.074,-9.619,-5.352,2.832
51.523,9.536,49.027,-10.542,27.369,9.32,-11.429,10.363,38.293,8.761,11.148,31.803
52.886,9.114,53.74,12.659,41.333,-31.491,8.091,-6.881,42.132,5.871,21.622,27.563
51.385,2.169,57.759,9.592,73.051,-41.822,14.975,-9.936,35.115,10.399,-5.079,15.034
51.227,-4.942,41.942,10.86,37.112,-39.769,8.499,6.874,28.913,3.814,21.341,16.001
50.005,-0.498,47.73,-1.682,27.957,-52.688,-6.832,-10.637,38.37,8.687,0.622,18.075
49.829,3.418,62.177,-10.348,42.589,-45.241,-13.231,0.908,29.515,6.769,6.282,45.35
50.734,1.555,-1.598,-17.05,39.935,-43.104,6.573,-9.118,26.543,-0.183,7.475,33.402
50.367,-14.347,45.529,2.647,44.005,-28.104,-54.305,-20.27,26.286,10.294,0.574,38.942
52.492,8.662,50.106,-7.532,32.272,2.096,-1.458,3.174,32.745,5.864,17.348,19.036
51.878,22.013,56.317,8.315,27.938,-14.174,-10.013,-9.605,28.846,3.876,-1.513,23.865
51.464,30.733,38.812,-4.869,46.371,-24.27,1.256,-20.81,27.913,-4.792,0.672,13.481
51.211,23.365,39.115,-18.992,26.516,-4.673,-22.09,-11.314,27.922,-8.317,-20.92,9.745
51.838,10.071,22.496,-3.436,10.139,15.635,-15.734,-5.19,10.953,2.301,11.266,8.27
51.255,15.716,29.537,-32.488,11.905,-19.57,-4.088,3.042,35.057,19.502,0.197,9.141
52.739,10.339,43.824,9.769,33.861,-30.875,-6.855,-8.955,33.098,1.476,21.624,32.829
51.355,-10.863,67.427,-0.366,55.294,-41.034,17.046,18.606,36.89,5.505,-3.709,15.781
51.879,30.991,84.74,6.633,85.612,-44.278,22.718,-1.279,7.692,-1.517,-0.338,6.998
51.991,23.06,48.894,10.682,67.77,-57.545,24.714,5.703,28.862,11.242,3.466,11.123
49.77,10.717,-2.844,-23.426,51.459,-42.29,4.65,-4.105,27.47,-11.591,11.856,30.562
50.12,24.078,30.371,-26.917,89.107,-25.866,-41.943,-5.75,14.714,-4.585,2.222,47.75
53.637,41.743,18.123,6.93,46.839,-29.641,-3.73,-35.472,23.976,-10.128,19.655,19.409
52.774,25.851,54.254,-3.361,25.717,-42.24,-10.745,-5.445,27.706,12.571,2.702,16.916
51.312,26.216,50.911,1.788,10.828,-19.119,-28.002,-1.06,27.734,1.678,-7.461,9.879
50.751,7.973,10.653,-23.714,24.701,-13.762,-56.997,12.988,0.275,-1.622,-6.597,-1.541
49.944,-26.437,13.23,-21.019,20.763,-43.481,-32.781,-12.822,-0.653,17.38,1.975,-3.542
48.816,-11.241,11.457,-5.787,13.363,-18.296,-76.613,-34.755,-2.246,0.35,-13.349,-16.732
47.991,-31.682,17.527,-25.859,22.063,-10.658,-21.82,3.879,22.058,-17.323,7.664,2.528
46.584,-52.154,9.629,2.967,59.78,-11.294,-23.461,-22.656,-8.588,-44.879,-8.284,18.059
43.054,-109.937,12.597,-28.249,45.629,-18.111,-29.318,2.496,-16.362,-39.098,12.771,9.458
46.091,2.974,-21.077,-87.035,81.606,9.484,-55.593,30.279,20.282,-58.463,22.924,13.912
46.577,30.679,-52.795,-26.471,73.58,-27.342,-73.714,-42.533,8.166,-8.319,-5.827,12.212
46.076,-43.282,-27.836,-42.25,69.634,-12.624,-20.788,-33.974,17.332,-19.382,-12.691,27.268
47.138,-99.826,50.66,-4.059,50.083,-29.241,7.407,9.069,-5.962,-1.761,15.739,32.836
47.978,-48.553,27.92,-21.221,70.747,-17.641,-9.45,-20.892,16.784,-11.234,10.036,55.502
47.605,-48.397,16.073,-9.801,88.889,-38.72,-13.015,-22.353,18.241,-0.674,6.496,55.85
48.291,-20.213,-4.516,-8.318,80.131,2.048,-29.058,-31.315,39.561,-39.765,13.269,25.674
48.384,-36.994,10.525,-28.238,58.398,-20.887,-12.799,-17.25,47.028,-30.112,16.05,20.017
46.918,-40.021,9.649,37.953,115.565,-30.074,-21.969,-38.94,16.125,-3.261,-14.022,55.851
43.363,-55.467,-73.501,-27.249,77.631,-22.742,-19.591,-34.514,26.378,-16.575,0.773,3.13
39.563,-123.568,-19.302,-38.905,41.864,-30.453,-47.05,-16.793,11.662,-8.99,5.814,8.949
39.459,-126.664,-16.898,-35.369,39.789,-29.388,-32.138,-7.38,5.348,-7.028,3.962,9.746
38.333,-161.284,-8.781,-28.461,36.342,-23.95,-22.917,-15.231,8.627,-13.445,1.079,12.404
37.423,-160.552,29.988,-34.93,39.685,-25.747,-46.246,11.481,-0.366,-12.002,11.81,13.203
38.76,-121.143,23.302,-24.929,37.252,-23.683,-29.861,-32.129,-13.822,10.643,4.895,13.933
38.515,-152.535,49.873,2.087,42.278,-18.736,-4.277,0.447,10.331,-28.62,5.422,22.2
37.853,-135.676,32.418,-14.395,65.785,-21.014,-7.026,-3.051,5.544,-28.521,7.72,36.165
38.699,-127.743,60.961,-19.098,64.718,5.451,-22.852,11.844,-26.065,-43.943,11.738,22.324
38.564,-101.961,65.743,4.894,69.642,-29.978,-22.629,-22.291,-34.601,-23.396,20.785,21.59
39.504,-122.97,48.32,-21.604,68.665,-31.16,-29.341,-18.518,-44.413,-13.354,10.707,13.171
40.571,-144.648,-3.269,-3.744,-11.292,-50.821,2.174,-3.23,0.454,-2.076,10.086,9.233
43.169,-67.587,-16.807,-4.764,7.846,47.862,-2.172,13.636,32.174,-60.094,-14.534,0.791
42.272,4.347,6.491,-4.671,48.758,-14.955,-0.689,-26.91,14.459,-31.069,12.964,-1.938
43.314,25.833,36.186,-15.056,73.272,-14.452,-25.287,-28.934,1.767,-24.437,13.09,11.107
43.925,10.309,57.542,-40.567,73.511,-22.261,-43.484,10.731,19.292,-17.843,8.085,11.762
46.836,66.669,30.567,-17.834,85.849,-16.891,-38.29,-36.327,10.204,-29.372,2.982,3.3
49.804,78.44,10.044,-13.629,73.399,-9.097,-14.083,-37.305,24.012,-29.911,10.583,15.616
47.346,-8.044,96.592,11.697,46.288,-25.101,-14.294,-6.821,6.863,-5.099,11.321,53.431
47.772,33.414,100.246,-7.842,77.241,-38.893,-28.502,0.811,-7.594,-1.664,11.895,44.04
49.199,48.563,90.635,15.046,89.72,-33.98,-20.673,-20.492,-2.244,-6.749,4.969,21.019
48.093,-4.652,104.496,6.213,77.662,-26.263,-43.704,-1.909,1.134,0.18,10.146,11.31
49.838,92.546,67.498,-13.011,100.315,-12.739,-45.312,-14.054,16.235,-28.237,7.917,22.861
47.77,47.791,89.453,8.966,76.414,-26.802,-21.874,-4.465,-9.211,-5.979,9.338,38.442
51.159,-29.384,28.788,12.464,52.303,-1.085,-38.136,-13.992,2.286,0.758,-8.271,5.498
47.373,-13.296,94.723,-69.472,62.731,-2.594,-14.123,-0.543,4.021,17.511,6.002,29.221
49.287,-3.566,69.985,56.802,82.99,-31.017,-32.394,-14.43,6.885,-2.776,-19.578,35.082
45.986,3.648,59.47,-12.315,66.789,-33.434,-40.013,0.867,-11.153,-3.449,6.319,26.764
48.475,-38.115,51.947,14.232,116.495,-22.056,-30.882,-1.891,27.17,21.094,-1.627,34.176
46.404,-35.89,17.237,4.081,58.363,-13.86,-49.074,0.978,-9.159,-20.392,-9.603,-7.831
46.498,-70.955,50.977,-19.541,63.978,9.554,-17.457,-2.055,1.402,-1.208,-4.776,28.835
47.098,-57.063,29.411,-17.296,52.949,-2.839,-31.096,5.882,-8.856,-23.739,1.107,15.663
45.946,-52.607,46.127,34.688,55.885,8.291,-25.075,-42.912,-18.186,-25.816,-18.325,18.913
41.48,-122.764,75.431,-2.061,44.609,-30.647,-38.153,0.82,-36.036,-15.833,16.439,5.435
41.535,-113.441,54.162,-4.238,48.311,-25.568,-30.999,7.318,-38.338,-26.91,12.551,11.443
45.455,12.258,48.957,-21.102,75.125,-2.799,-40.418,-12.829,-19.599,-37.327,22.572,0.254
47.814,83.981,41.679,25.429,52.777,-19.433,-70.632,-40.04,4.361,-7.259,-1.391,12.194
45.307,94.339,36.526,3.572,57.897,-33.459,-58.617,-47.701,4.929,10.409,-10.612,14.918
42.224,-25.215,53.758,40.11,30.788,-14.781,-28.413,-24.576,-7.551,-7.595,-12.716,35.833
38.693,-35.673,27.69,-44.364,40.98,-29.124,-30.457,11.035,-12.088,-9.102,11.982,8.898
41.514,39.621,10.775,30.221,59.926,-9.208,-30.937,-41.487,-1.336,-28.346,-3.642,11.441
36.656,-23.851,75.907,-25.652,49.696,-26.006,-13.644,-12.025,-9.291,13.031,9.644,-3.382
39.059,-18.144,82.851,9.18,64.752,-40.37,-1.937,-7.223,6.067,3.302,6.811,8.347
39.922,4.849,47.192,-17.407,55.145,-42.781,-1.873,20.745,-21.132,-15.435,7.824,-18.263
41.357,28.792,49.056,-10.856,66.1,-31.339,-0.15,0.226,-5.995,-9.415,3.79,-25.079
41.372,-10.292,77.155,33.617,76.21,-35.634,21.076,0.624,-0.575,7.348,-12.946,-10.496
42.766,-38.271,72.749,-9.678,49.667,-18.174,-24.27,-2.601,-8.777,-20.23,9.342,-11.74
43.414,-12.202,130.138,-7.914,39.828,-32.155,-36.45,2.197,33.053,6.905,12.922,19.906
45.81,52.046,95.511,12.281,92.978,-25.033,-1.589,0.629,4.687,-8.172,-6.681,40.855
46.557,113.488,9.047,-17.272,130.837,-30.542,-5.366,16.348,-5.86,-29.688,6.54,-4.957
48.899,16.837,5.72,85.038,81.342,-2.179,-73.824,20.797,5.974,20.385,-24.165,2.84
46.377,2.222,63.366,-68.106,121.489,26.131,-19.842,-8.279,18.578,41.179,2.581,29.55
45.02,6.146,13.37,30.666,103.094,16.068,-38.499,13.251,19.563,2.386,-10.016,19.587
44.875,-34.651,24.906,73.228,107.623,-4.738,-46.359,18.163,44.607,8.565,-14.277,45.184
42.327,-68.287,55.759,-53.68,72.265,25.418,-40.095,8.738,17.316,31.719,-11.192,11.902
43.797,130.767,1.716,-57.932,78.252,-6.618,-57.342,-11.023,39.774,-59.726,42.834,0.751
48.116,10.642,54.201,-9.116,12.981,-10.954,-54.859,-7.187,-24.374,46.749,3.89,14.13
46.763,-37.171,24.385,5.596,33.407,-21.206,-59.098,-8.912,-13.03,-10.998,-19.329,-12.786
43.865,-124.018,35.557,12.522,19.54,4.194,-47.137,-1.479,-14.977,-3.761,-8.797,21.008
44.29,-93.911,94.632,-50.844,27.132,11.588,-47.983,12.022,-0.944,-15.506,37.624,11.342
48.196,-54.971,77.478,-9.044,49.405,-32.808,-9.418,-6.452,1.954,2.393,14.746,43.017
50.328,-25.701,97.65,-18.435,1.489,-20.661,-41.27,11.021,35.523,-5.211,23.345,61.431
50.668,2.643,76.905,40.167,7.069,-10.199,-43.096,-44.367,24.466,-5.61,-1.821,52.686
49.922,-9.275,93.839,-4.805,43.697,-39.82,-10.935,6.03,20.87,6.007,26.497,46.4
52.099,72.422,75.511,-6.293,61.434,-40.056,-16.907,4.661,35.747,4.966,8.478,52.405
50.99,103.798,57.976,-6.574,57.594,-31.703,-28.502,-14.995,27.415,9.639,1.823,43.539
49.931,53.888,66.897,-1.256,61.374,-31.415,-33.596,-16.465,18.574,-0.087,1.386,36.863
48.89,51.071,90.34,41.945,38.286,-58.44,-23.967,-48.662,-5.477,40.421,3.337,35.174
48.049,26.745,67.242,10.847,36.553,-33.32,4.837,3.214,6.96,-10.296,-0.306,16.009
47.412,15.471,90.911,12.654,30.848,-32.112,0.309,-0.56,-9.273,-1.205,9.955,20.221
47.422,36.912,131.382,32.391,62.004,-34.573,-3.856,-14.512,3.774,-1.092,11.803,-1.62
45.616,68.409,153.568,60.067,103.76,-35.115,1.59,-15.665,13.482,11.165,5.739,0.509
42.674,64.156,160.34,46.298,93.897,-32.625,13.722,-0.139,13.413,-10.56,-1.984,-10.869
43.761,94.024,152.555,82.763,71.179,-66.811,-16.493,-42.789,-6.526,45.675,2.987,-4.413
42.901,92.482,164.776,37.12,79.877,-16.33,-9.713,1.296,23.817,-1.748,7.482,-12.856
41.761,109.019,161.214,46.564,42.668,-30.774,-11.139,-12.982,10.062,0.905,10.294,-0.556
41.543,137.028,147.325,92.502,39.876,-43.099,-11.468,-45.858,-1.116,23.906,1.989,17.816
37.745,81.865,153.814,61.209,58.436,-51.263,14.577,-25.857,-10.234,7.705,11.69,2.004
37.964,69.456,167.596,25.426,71.676,-33.851,22.224,2.201,-8.146,-4.122,27.007,-8.288
39.113,135.094,139.111,82.466,57.011,-73.395,-2.618,-39.319,-0.629,32.352,-13.894,10.862
37.646,104.223,140.524,60.293,71.297,-7.359,8.369,-10.712,5.676,-19.651,-7.641,-24.301
33.657,88.292,142.248,60.984,76.625,-35.56,-14.825,-13.625,-16.145,5.998,-25.479,-19.117
20.028,133.242,5.072,271.358,68.484,-45.934,-42.816,67.722,-19.206,-23.852,-69.018,-9.904
